n: 9
m: 9
3 => 1 1 1 
2 => 5 1 
4 => 1 1 1 1 
2 => 5 1 
2 => 6 1 
1 => 7 
1 => 6 
2 => 1 3 
2 => 2 4 
1 => 4 
3 => 1 2 1 
1 => 8 
2 => 1 4 
2 => 7 1 
1 => 5 
1 => 5 
1 => 4 
1 => 6 
Board:
?????????
?????????
?????????
?????????
?????????
?????????
?????????
?????????
?????????

Inference(1,1,1, | 0,0,0,0,0,0,0,0,0,)
REP: 0
1000
1100
1100
1110
1110
1111
1111
1111
1111
1111

REP: 1
1000
1100
1100
1110
1110
1111
1111
1111
1111
1111

GoodPrefix:
1 1 1 1 1 1 1 1 1 
0 0 1 1 1 1 1 1 1 
0 0 0 0 1 1 1 1 1 

GoodSuffix:
1 1 1 1 1 0 0 0 0 
1 1 1 1 1 1 1 0 0 
1 1 1 1 1 1 1 1 1 

Good Prefix & Suffix:
1 1 1 1 1 0 0 0 0 
0 0 1 1 1 1 1 0 0 
0 0 0 0 1 1 1 1 1 

0 all: 5 possible: 1 1 1 1 1 0 0 0 0 
1 all: 5 possible: 0 0 1 1 1 1 1 0 0 
2 all: 5 possible: 0 0 0 0 1 1 1 1 1 
Board:
?????????
?????????
?????????
?????????
?????????
?????????
?????????
?????????
?????????

Inference(5,1, | 0,0,0,0,0,0,0,0,0,)
REP: 0
100
100
100
100
100
110
110
111
111
111

REP: 1
100
110
110
110
110
110
110
111
111
111

GoodPrefix:
1 1 1 1 1 
0 0 0 0 0 0 1 1 1 

GoodSuffix:
1 1 1 0 0 
1 1 1 1 1 1 1 1 1 

Good Prefix & Suffix:
1 1 1 0 0 
0 0 0 0 0 0 1 1 1 

0 all: 3 possible: 1 2 3 3 3 2 1 0 0 
1 all: 3 possible: 0 0 0 0 0 0 1 1 1 
Board:
?????????
??###????
?????????
?????????
?????????
?????????
?????????
?????????
?????????

Inference(1,1,1,1, | 0,0,0,0,0,0,0,0,0,)
REP: 0
10000
11000
11000
11100
11100
11110
11110
11111
11111
11111

REP: 1
10000
11000
11000
11100
11100
11110
11110
11111
11111
11111

GoodPrefix:
1 1 1 1 1 1 1 1 1 
0 0 1 1 1 1 1 1 1 
0 0 0 0 1 1 1 1 1 
0 0 0 0 0 0 1 1 1 

GoodSuffix:
1 1 1 0 0 0 0 0 0 
1 1 1 1 1 0 0 0 0 
1 1 1 1 1 1 1 0 0 
1 1 1 1 1 1 1 1 1 

Good Prefix & Suffix:
1 1 1 0 0 0 0 0 0 
0 0 1 1 1 0 0 0 0 
0 0 0 0 1 1 1 0 0 
0 0 0 0 0 0 1 1 1 

0 all: 3 possible: 1 1 1 0 0 0 0 0 0 
1 all: 3 possible: 0 0 1 1 1 0 0 0 0 
2 all: 3 possible: 0 0 0 0 1 1 1 0 0 
3 all: 3 possible: 0 0 0 0 0 0 1 1 1 
Board:
?????????
??###????
?????????
?????????
?????????
?????????
?????????
?????????
?????????

Inference(5,1, | 0,0,0,0,0,0,0,0,0,)
REP: 0
100
100
100
100
100
110
110
111
111
111

REP: 1
100
110
110
110
110
110
110
111
111
111

GoodPrefix:
1 1 1 1 1 
0 0 0 0 0 0 1 1 1 

GoodSuffix:
1 1 1 0 0 
1 1 1 1 1 1 1 1 1 

Good Prefix & Suffix:
1 1 1 0 0 
0 0 0 0 0 0 1 1 1 

0 all: 3 possible: 1 2 3 3 3 2 1 0 0 
1 all: 3 possible: 0 0 0 0 0 0 1 1 1 
Board:
?????????
??###????
?????????
??###????
?????????
?????????
?????????
?????????
?????????

Inference(6,1, | 0,0,0,0,0,0,0,0,0,)
REP: 0
100
100
100
100
100
100
110
110
111
111

REP: 1
100
110
110
110
110
110
110
110
111
111

GoodPrefix:
1 1 1 1 
0 0 0 0 0 0 0 1 1 

GoodSuffix:
1 1 0 0 
1 1 1 1 1 1 1 1 1 

Good Prefix & Suffix:
1 1 0 0 
0 0 0 0 0 0 0 1 1 

0 all: 2 possible: 1 2 2 2 2 2 1 0 0 
1 all: 2 possible: 0 0 0 0 0 0 0 1 1 
Board:
?????????
??###????
?????????
??###????
?#####???
?????????
?????????
?????????
?????????

Inference(7, | 0,0,0,0,0,0,0,0,0,)
REP: 0
10
10
10
10
10
10
10
11
11
11

REP: 1
10
10
10
10
10
10
10
11
11
11

GoodPrefix:
1 1 1 

GoodSuffix:
1 1 1 

Good Prefix & Suffix:
1 1 1 

0 all: 3 possible: 1 2 3 3 3 3 3 2 1 
Board:
?????????
??###????
?????????
??###????
?#####???
??#####??
?????????
?????????
?????????

Inference(6, | 0,0,0,0,0,0,0,0,0,)
REP: 0
10
10
10
10
10
10
11
11
11
11

REP: 1
10
10
10
10
10
10
11
11
11
11

GoodPrefix:
1 1 1 1 

GoodSuffix:
1 1 1 1 

Good Prefix & Suffix:
1 1 1 1 

0 all: 4 possible: 1 2 3 4 4 4 3 2 1 
Board:
?????????
??###????
?????????
??###????
?#####???
??#####??
???###???
?????????
?????????

Inference(1,3, | 0,0,0,0,0,0,0,0,0,)
REP: 0
100
110
110
110
110
111
111
111
111
111

REP: 1
100
100
100
110
110
111
111
111
111
111

GoodPrefix:
1 1 1 1 1 1 1 1 1 
0 0 1 1 1 1 1 

GoodSuffix:
1 1 1 1 1 0 0 0 0 
1 1 1 1 1 1 1 

Good Prefix & Suffix:
1 1 1 1 1 0 0 0 0 
0 0 1 1 1 1 1 

0 all: 5 possible: 1 1 1 1 1 0 0 0 0 
1 all: 5 possible: 0 0 1 2 3 3 3 2 1 
Board:
?????????
??###????
?????????
??###????
?#####???
??#####??
???###???
?????????
?????????

Inference(2,4, | 0,0,0,0,0,0,0,0,0,)
REP: 0
100
100
110
110
110
110
110
111
111
111

REP: 1
100
100
100
100
110
110
110
111
111
111

GoodPrefix:
1 1 1 1 1 1 1 1 
0 0 0 1 1 1 

GoodSuffix:
1 1 1 0 0 0 0 0 
1 1 1 1 1 1 

Good Prefix & Suffix:
1 1 1 0 0 0 0 0 
0 0 0 1 1 1 

0 all: 3 possible: 1 2 2 1 0 0 0 0 0 
1 all: 3 possible: 0 0 0 1 2 3 3 2 1 
Board:
?????????
??###????
?????????
??###????
?#####???
??#####??
???###???
?????????
?????##??

Inference(4, | 0,0,0,0,0,0,0,0,0,)
REP: 0
10
10
10
10
11
11
11
11
11
11

REP: 1
10
10
10
10
11
11
11
11
11
11

GoodPrefix:
1 1 1 1 1 1 

GoodSuffix:
1 1 1 1 1 1 

Good Prefix & Suffix:
1 1 1 1 1 1 

0 all: 6 possible: 1 2 3 4 4 4 3 2 1 
Board:
?????????
??###????
?????????
??###????
?#####???
??#####??
???###???
?????????
?????##??

Inference(1,2,1, | 0,0,0,0,1,0,0,0,0,)
REP: 0
1000
1100
1100
1100
1110
0110
0110
0111
0111
0111

REP: 1
1000
1100
1100
1100
1110
0110
0110
0111
0111
0111

GoodPrefix:
1 1 1 1 1 1 0 0 0 
0 0 1 1 1 1 1 1 
0 0 0 0 0 1 1 1 1 

GoodSuffix:
1 1 1 1 0 0 0 0 0 
1 1 1 1 1 1 0 0 
0 0 0 1 1 1 1 1 1 

Good Prefix & Suffix:
1 1 1 1 0 0 0 0 0 
0 0 1 1 1 1 0 0 
0 0 0 0 0 1 1 1 1 

0 all: 4 possible: 1 1 1 1 0 0 0 0 0 
1 all: 4 possible: 0 0 1 2 2 2 1 0 0 
2 all: 4 possible: 0 0 0 0 0 1 1 1 1 
Board:
?????????
??###????
?????????
??###????
?#####???
??#####??
???###???
?????????
?????##??

Inference(8, | 0,1,0,1,1,1,0,0,0,)
REP: 0
10
10
00
00
00
00
00
00
01
01

REP: 1
10
10
10
10
00
00
00
00
01
01

GoodPrefix:
1 1 

GoodSuffix:
1 1 

Good Prefix & Suffix:
1 1 

0 all: 2 possible: 1 2 2 2 2 2 2 2 1 
Board:
?????????
??###????
??#??????
??###????
?#####???
??#####??
??####???
??#??????
?????##??

Inference(1,4, | 0,1,0,1,1,1,1,0,0,)
REP: 0
100
110
010
010
000
000
000
001
001
001

REP: 1
100
100
100
000
010
010
010
010
001
001

GoodPrefix:
1 1 1 0 0 0 0 0 0 
0 0 1 1 1 0 

GoodSuffix:
1 1 1 1 0 0 0 0 0 
0 0 1 1 1 1 

Good Prefix & Suffix:
1 1 1 0 0 0 0 0 0 
0 0 1 1 1 0 

0 all: 3 possible: 1 1 1 0 0 0 0 0 0 
1 all: 3 possible: 0 0 1 2 3 3 2 1 0 
Board:
?????????
??###????
??#??????
??###????
?#####???
??#####??
??####???
??#??????
???.?##??

Inference(7,1, | 0,1,0,1,1,1,1,0,0,)
REP: 0
100
100
000
000
000
000
000
010
010
011

REP: 1
100
110
110
010
000
000
000
000
000
001

GoodPrefix:
1 1 1 
0 0 0 0 0 0 0 0 1 

GoodSuffix:
1 0 0 
0 0 0 0 0 1 1 1 1 

Good Prefix & Suffix:
1 0 0 
0 0 0 0 0 0 0 0 1 

0 all: 1 possible: 1 1 1 1 1 1 1 0 0 
1 all: 1 possible: 0 0 0 0 0 0 0 0 1 
Board:
????#????
??###????
??#?#????
??###????
?#####???
??#####??
??####???
??#?.????
???.###??

Inference(5, | 0,0,0,0,1,1,1,0,1,)
REP: 0
10
10
10
10
10
01
01
01
01
01

REP: 1
10
00
00
00
00
01
01
01
01
01

GoodPrefix:
1 1 1 1 1 

GoodSuffix:
0 0 0 1 1 

Good Prefix & Suffix:
0 0 0 1 1 

0 all: 2 possible: 0 0 0 1 2 2 2 2 1 
Board:
????#.???
??###.???
??#?#.???
??###????
?#####???
??#####??
??####???
??#?.#???
???.###??

Inference(5, | 0,0,0,0,0,1,0,0,1,)
REP: 0
10
10
10
10
10
11
01
01
01
01

REP: 1
10
00
00
00
00
01
01
01
01
01

GoodPrefix:
1 1 1 1 1 

GoodSuffix:
0 0 0 1 1 

Good Prefix & Suffix:
0 0 0 1 1 

0 all: 2 possible: 0 0 0 1 2 2 2 2 1 
Board:
????#..??
??###..??
??#?#..??
??###????
?######??
??#####??
??#####??
??#?.##??
???.###??

Inference(4, | 0,0,0,0,0,0,0,0,0,)
REP: 0
10
10
10
10
11
11
11
11
11
11

REP: 1
10
10
10
10
11
11
11
11
11
11

GoodPrefix:
1 1 1 1 1 1 

GoodSuffix:
1 1 1 1 1 1 

Good Prefix & Suffix:
1 1 1 1 1 1 

0 all: 6 possible: 1 2 3 4 4 4 3 2 1 
Board:
????#..??
??###..??
??#?#..??
??###????
?######??
??#####??
??#####??
??#?.##??
???.###??

Inference(6, | 0,0,0,0,0,0,0,0,0,)
REP: 0
10
10
10
10
10
10
11
11
11
11

REP: 1
10
10
10
10
10
10
11
11
11
11

GoodPrefix:
1 1 1 1 

GoodSuffix:
1 1 1 1 

Good Prefix & Suffix:
1 1 1 1 

0 all: 4 possible: 1 2 3 4 4 4 3 2 1 
Board:
????#..??
??###..??
??#?#..??
??###???#
?######?#
??#####?#
??#####??
??#?.##??
???.###??

Inference(8, | 0,1,1,1,1,1,1,1,0,)
REP: 0
10
10
00
00
00
00
00
00
01
01

REP: 1
10
10
00
00
00
00
00
00
01
01

GoodPrefix:
1 1 

GoodSuffix:
1 1 

Good Prefix & Suffix:
1 1 

0 all: 2 possible: 1 2 2 2 2 2 2 2 1 
Board:
????#..??
??###..??
??#?#..??
??###???#
?######?#
??#####?#
??#####??
??#?.##??
???.###??

Inference(1,4, | 0,1,0,1,1,1,1,0,-1,)
REP: 0
100
110
010
010
000
000
000
001
001
001

REP: 1
100
100
100
000
000
010
010
010
001
001

GoodPrefix:
1 1 1 0 0 0 0 0 0 
0 0 1 1 1 0 

GoodSuffix:
1 1 1 0 0 0 0 0 0 
0 0 1 1 1 1 

Good Prefix & Suffix:
1 1 1 0 0 0 0 0 0 
0 0 1 1 1 0 

0 all: 3 possible: 1 1 1 0 0 0 0 0 0 
1 all: 3 possible: 0 0 1 2 3 3 2 1 0 
Board:
????#..??
??###..??
??#?#..??
??###???#
?######?#
??#####?#
??#####??
??#?.##??
???.###??

Inference(7,1, | 1,1,1,1,1,1,1,-1,1,)
REP: 0
100
000
000
000
000
000
000
010
010
001

REP: 1
100
010
010
000
000
000
000
000
000
001

GoodPrefix:
1 1 0 
0 0 0 0 0 0 0 0 1 

GoodSuffix:
1 0 0 
0 0 0 0 0 0 0 1 1 

Good Prefix & Suffix:
1 0 0 
0 0 0 0 0 0 0 0 1 

0 all: 1 possible: 1 1 1 1 1 1 1 0 0 
1 all: 1 possible: 0 0 0 0 0 0 0 0 1 
Board:
????#..??
??###..??
??#?#..??
??###???#
?######?#
??#####?#
??#####??
??#?.##??
???.###??

Inference(8, | 0,1,1,1,1,1,1,1,0,)
REP: 0
10
10
00
00
00
00
00
00
01
01

REP: 1
10
10
00
00
00
00
00
00
01
01

GoodPrefix:
1 1 

GoodSuffix:
1 1 

Good Prefix & Suffix:
1 1 

0 all: 2 possible: 1 2 2 2 2 2 2 2 1 
Board:
????#..??
??###..??
??#?#..??
??###???#
?######?#
??#####?#
??#####??
??#?.##??
???.###??

Inference(1,4, | 0,1,0,1,1,1,1,0,-1,)
REP: 0
100
110
010
010
000
000
000
001
001
001

REP: 1
100
100
100
000
000
010
010
010
001
001

GoodPrefix:
1 1 1 0 0 0 0 0 0 
0 0 1 1 1 0 

GoodSuffix:
1 1 1 0 0 0 0 0 0 
0 0 1 1 1 1 

Good Prefix & Suffix:
1 1 1 0 0 0 0 0 0 
0 0 1 1 1 0 

0 all: 3 possible: 1 1 1 0 0 0 0 0 0 
1 all: 3 possible: 0 0 1 2 3 3 2 1 0 
Board:
????#..??
??###..??
??#?#..??
??###???#
?######?#
??#####?#
??#####??
??#?.##??
???.###??

Inference(7,1, | 1,1,1,1,1,1,1,-1,1,)
REP: 0
100
000
000
000
000
000
000
010
010
001

REP: 1
100
010
010
000
000
000
000
000
000
001

GoodPrefix:
1 1 0 
0 0 0 0 0 0 0 0 1 

GoodSuffix:
1 0 0 
0 0 0 0 0 0 0 1 1 

Good Prefix & Suffix:
1 0 0 
0 0 0 0 0 0 0 0 1 

0 all: 1 possible: 1 1 1 1 1 1 1 0 0 
1 all: 1 possible: 0 0 0 0 0 0 0 0 1 
Board:
????#..??
??###..??
??#?#..??
??###???#
?######?#
??#####?#
??#####??
??#?.##??
???.###??

Inference(1,2,1, | 0,0,0,0,1,0,0,0,0,)
REP: 0
1000
1100
1100
1100
1110
0110
0110
0111
0111
0111

REP: 1
1000
1100
1100
1100
1110
0110
0110
0111
0111
0111

GoodPrefix:
1 1 1 1 1 1 0 0 0 
0 0 1 1 1 1 1 1 
0 0 0 0 0 1 1 1 1 

GoodSuffix:
1 1 1 1 0 0 0 0 0 
1 1 1 1 1 1 0 0 
0 0 0 1 1 1 1 1 1 

Good Prefix & Suffix:
1 1 1 1 0 0 0 0 0 
0 0 1 1 1 1 0 0 
0 0 0 0 0 1 1 1 1 

0 all: 4 possible: 1 1 1 1 0 0 0 0 0 
1 all: 4 possible: 0 0 1 2 2 2 1 0 0 
2 all: 4 possible: 0 0 0 0 0 1 1 1 1 
Board:
????#..??
??###..??
??#?#..??
??###???#
?######?#
??#####?#
??#####??
??#?.##??
???.###??

Inference(8, | 0,1,1,1,1,1,1,1,0,)
REP: 0
10
10
00
00
00
00
00
00
01
01

REP: 1
10
10
00
00
00
00
00
00
01
01

GoodPrefix:
1 1 

GoodSuffix:
1 1 

Good Prefix & Suffix:
1 1 

0 all: 2 possible: 1 2 2 2 2 2 2 2 1 
Board:
????#..??
??###..??
??#?#..??
??###???#
?######?#
??#####?#
??#####??
??#?.##??
???.###??

Inference(1,4, | 0,1,0,1,1,1,1,0,-1,)
REP: 0
100
110
010
010
000
000
000
001
001
001

REP: 1
100
100
100
000
000
010
010
010
001
001

GoodPrefix:
1 1 1 0 0 0 0 0 0 
0 0 1 1 1 0 

GoodSuffix:
1 1 1 0 0 0 0 0 0 
0 0 1 1 1 1 

Good Prefix & Suffix:
1 1 1 0 0 0 0 0 0 
0 0 1 1 1 0 

0 all: 3 possible: 1 1 1 0 0 0 0 0 0 
1 all: 3 possible: 0 0 1 2 3 3 2 1 0 
Board:
????#..??
??###..??
??#?#..??
??###???#
?######?#
??#####?#
??#####??
??#?.##??
???.###??

Inference(7,1, | 1,1,1,1,1,1,1,-1,1,)
REP: 0
100
000
000
000
000
000
000
010
010
001

REP: 1
100
010
010
000
000
000
000
000
000
001

GoodPrefix:
1 1 0 
0 0 0 0 0 0 0 0 1 

GoodSuffix:
1 0 0 
0 0 0 0 0 0 0 1 1 

Good Prefix & Suffix:
1 0 0 
0 0 0 0 0 0 0 0 1 

0 all: 1 possible: 1 1 1 1 1 1 1 0 0 
1 all: 1 possible: 0 0 0 0 0 0 0 0 1 
Board:
????#..??
??###..??
??#?#..??
??###???#
?######?#
??#####?#
??#####??
??#?.##??
???.###??

Inference(5, | -1,-1,-1,0,1,1,1,1,1,)
REP: 0
10
10
10
10
10
00
00
00
01
01

REP: 1
10
00
00
00
00
01
01
01
01
01

GoodPrefix:
1 1 1 1 1 

GoodSuffix:
0 0 0 1 1 

Good Prefix & Suffix:
0 0 0 1 1 

0 all: 2 possible: 0 0 0 1 2 2 2 2 1 
Board:
????#..??
??###..??
??#?#..??
??###???#
?######?#
??#####?#
??#####??
??#?.##??
???.###??

Inference(8, | 0,1,1,1,1,1,1,1,0,)
REP: 0
10
10
00
00
00
00
00
00
01
01

REP: 1
10
10
00
00
00
00
00
00
01
01

GoodPrefix:
1 1 

GoodSuffix:
1 1 

Good Prefix & Suffix:
1 1 

0 all: 2 possible: 1 2 2 2 2 2 2 2 1 
Board:
????#..??
??###..??
??#?#..??
??###???#
?######?#
??#####?#
??#####??
??#?.##??
???.###??

Inference(1,4, | 0,1,0,1,1,1,1,0,-1,)
REP: 0
100
110
010
010
000
000
000
001
001
001

REP: 1
100
100
100
000
000
010
010
010
001
001

GoodPrefix:
1 1 1 0 0 0 0 0 0 
0 0 1 1 1 0 

GoodSuffix:
1 1 1 0 0 0 0 0 0 
0 0 1 1 1 1 

Good Prefix & Suffix:
1 1 1 0 0 0 0 0 0 
0 0 1 1 1 0 

0 all: 3 possible: 1 1 1 0 0 0 0 0 0 
1 all: 3 possible: 0 0 1 2 3 3 2 1 0 
Board:
????#..??
??###..??
??#?#..??
??###???#
?######?#
??#####?#
??#####??
??#?.##??
???.###??

Inference(7,1, | 1,1,1,1,1,1,1,-1,1,)
REP: 0
100
000
000
000
000
000
000
010
010
001

REP: 1
100
010
010
000
000
000
000
000
000
001

GoodPrefix:
1 1 0 
0 0 0 0 0 0 0 0 1 

GoodSuffix:
1 0 0 
0 0 0 0 0 0 0 1 1 

Good Prefix & Suffix:
1 0 0 
0 0 0 0 0 0 0 0 1 

0 all: 1 possible: 1 1 1 1 1 1 1 0 0 
1 all: 1 possible: 0 0 0 0 0 0 0 0 1 
Board:
????#..??
??###..??
??#?#..??
??###???#
?######?#
??#####?#
??#####??
??#?.##??
???.###??

Inference(5, | -1,-1,-1,0,1,1,1,1,1,)
REP: 0
10
10
10
10
10
00
00
00
01
01

REP: 1
10
00
00
00
00
01
01
01
01
01

GoodPrefix:
1 1 1 1 1 

GoodSuffix:
0 0 0 1 1 

Good Prefix & Suffix:
0 0 0 1 1 

0 all: 2 possible: 0 0 0 1 2 2 2 2 1 
Board:
????#..??
??###..??
??#?#..??
??###???#
?######?#
??#####?#
??#####??
??#?.##??
???.###??

Inference(5, | -1,-1,-1,0,1,1,1,1,1,)
REP: 0
10
10
10
10
10
00
00
00
01
01

REP: 1
10
00
00
00
00
01
01
01
01
01

GoodPrefix:
1 1 1 1 1 

GoodSuffix:
0 0 0 1 1 

Good Prefix & Suffix:
0 0 0 1 1 

0 all: 2 possible: 0 0 0 1 2 2 2 2 1 
Board:
????#..??
??###..??
??#?#..??
??###???#
?######?#
??#####?#
??#####??
??#?.##??
???.###??

Inference(1,4, | 0,1,0,1,1,1,1,0,-1,)
REP: 0
100
110
010
010
000
000
000
001
001
001

REP: 1
100
100
100
000
000
010
010
010
001
001

GoodPrefix:
1 1 1 0 0 0 0 0 0 
0 0 1 1 1 0 

GoodSuffix:
1 1 1 0 0 0 0 0 0 
0 0 1 1 1 1 

Good Prefix & Suffix:
1 1 1 0 0 0 0 0 0 
0 0 1 1 1 0 

0 all: 3 possible: 1 1 1 0 0 0 0 0 0 
1 all: 3 possible: 0 0 1 2 3 3 2 1 0 
Board:
????#..??
??###..??
??#?#..??
??###???#
?######?#
??#####?#
??#####??
??#?.##??
???.###??

Inference(7,1, | 1,1,1,1,1,1,1,-1,1,)
REP: 0
100
000
000
000
000
000
000
010
010
001

REP: 1
100
010
010
000
000
000
000
000
000
001

GoodPrefix:
1 1 0 
0 0 0 0 0 0 0 0 1 

GoodSuffix:
1 0 0 
0 0 0 0 0 0 0 1 1 

Good Prefix & Suffix:
1 0 0 
0 0 0 0 0 0 0 0 1 

0 all: 1 possible: 1 1 1 1 1 1 1 0 0 
1 all: 1 possible: 0 0 0 0 0 0 0 0 1 
Board:
????#..??
??###..??
??#?#..??
??###???#
?######?#
??#####?#
??#####??
??#?.##??
???.###??

Inference(5, | -1,-1,-1,0,1,1,1,1,1,)
REP: 0
10
10
10
10
10
00
00
00
01
01

REP: 1
10
00
00
00
00
01
01
01
01
01

GoodPrefix:
1 1 1 1 1 

GoodSuffix:
0 0 0 1 1 

Good Prefix & Suffix:
0 0 0 1 1 

0 all: 2 possible: 0 0 0 1 2 2 2 2 1 
Board:
????#..??
??###..??
??#?#..??
??###???#
?######?#
??#####?#
??#####??
??#?.##??
???.###??

Inference(5, | -1,-1,-1,0,1,1,1,1,1,)
REP: 0
10
10
10
10
10
00
00
00
01
01

REP: 1
10
00
00
00
00
01
01
01
01
01

GoodPrefix:
1 1 1 1 1 

GoodSuffix:
0 0 0 1 1 

Good Prefix & Suffix:
0 0 0 1 1 

0 all: 2 possible: 0 0 0 1 2 2 2 2 1 
Board:
????#..??
??###..??
??#?#..??
??###???#
?######?#
??#####?#
??#####??
??#?.##??
???.###??

Inference(5, | -1,-1,-1,0,1,1,1,1,1,)
REP: 0
10
10
10
10
10
00
00
00
01
01

REP: 1
10
00
00
00
00
01
01
01
01
01

GoodPrefix:
1 1 1 1 1 

GoodSuffix:
0 0 0 1 1 

Good Prefix & Suffix:
0 0 0 1 1 

0 all: 2 possible: 0 0 0 1 2 2 2 2 1 
Board:
????#..??
??###..??
??#?#..??
??###???#
?######?#
??#####?#
??#####??
??#?.##??
???.###??

Inference(1,1,1,1, | 0,0,1,0,1,-1,-1,0,0,)
REP: 0
10000
11000
11000
01100
01100
00110
00110
00110
00111
00111

REP: 1
10000
11000
11000
11000
11000
01100
01100
00110
00110
00111

GoodPrefix:
1 1 1 1 0 0 0 0 0 
0 0 1 1 1 1 0 0 0 
0 0 0 0 1 1 1 1 1 
0 0 0 0 0 0 1 1 1 

GoodSuffix:
1 0 0 0 0 0 0 0 0 
1 1 1 0 0 0 0 0 0 
0 1 1 1 1 1 1 0 0 
0 0 0 1 1 1 1 1 1 

Good Prefix & Suffix:
1 0 0 0 0 0 0 0 0 
0 0 1 0 0 0 0 0 0 
0 0 0 0 1 1 1 0 0 
0 0 0 0 0 0 1 1 1 

0 all: 1 possible: 1 0 0 0 0 0 0 0 0 
1 all: 1 possible: 0 0 1 0 0 0 0 0 0 
2 all: 1 possible: 0 0 0 0 1 0 0 0 0 
3 all: 2 possible: 0 0 0 0 0 0 0 1 1 
Board:
????#..??
??###..??
#.#.#..??
??###???#
?######?#
??#####?#
??#####??
??#?.##??
???.###??

Inference(6, | 0,0,1,1,1,1,1,0,0,)
REP: 0
10
10
10
00
00
00
01
01
01
01

REP: 1
10
10
10
00
00
00
01
01
01
01

GoodPrefix:
1 1 1 1 

GoodSuffix:
1 1 1 1 

Good Prefix & Suffix:
1 1 1 1 

0 all: 4 possible: 1 2 3 4 4 4 3 2 1 
Board:
????#..??
??###..??
#.#.#..??
??###???#
?######?#
??#####?#
??#####??
??#?.##??
???.###??

Inference(1,3, | 0,0,1,0,-1,1,1,0,0,)
REP: 0
100
110
110
010
010
010
000
000
001
001

REP: 1
100
100
100
010
010
010
011
001
001
001

GoodPrefix:
1 1 1 1 0 0 0 0 0 
0 0 1 1 1 1 1 

GoodSuffix:
0 1 1 1 1 0 0 0 0 
0 0 0 1 1 1 1 

Good Prefix & Suffix:
0 1 1 1 0 0 0 0 0 
0 0 0 1 1 1 1 

0 all: 3 possible: 0 1 1 1 0 0 0 0 0 
1 all: 2 possible: 0 0 0 0 0 1 2 2 1 
Board:
????#..??
??###..??
#.#.#..??
??###???#
?######?#
??#####?#
??#####??
.?#?.###?
???.###??

Inference(2,4, | 0,0,0,-1,1,1,1,0,0,)
REP: 0
100
100
110
110
110
000
010
000
001
001

REP: 1
100
100
100
000
010
010
010
010
011
011

GoodPrefix:
1 1 1 1 1 1 0 0 
0 0 0 1 1 1 

GoodSuffix:
1 1 1 0 0 0 0 0 
0 0 1 1 1 1 

Good Prefix & Suffix:
1 1 1 0 0 0 0 0 
0 0 0 1 1 1 

0 all: 2 possible: 1 2 1 0 0 0 0 0 0 
1 all: 2 possible: 0 0 0 0 1 2 2 2 1 
Board:
????#..??
??###..??
#.#.#..??
??###???#
?######?#
??#####?#
??#####??
.?#?.###?
?#?.####?

Inference(1,1,1, | 0,0,0,0,1,-1,-1,0,0,)
REP: 0
1000
1100
1100
1110
1110
0111
0111
0111
0111
0111

REP: 1
1000
1100
1100
1100
1100
0110
0110
0111
0111
0111

GoodPrefix:
1 1 1 1 1 1 0 0 0 
0 0 1 1 1 1 1 1 1 
0 0 0 0 1 1 1 1 1 

GoodSuffix:
1 1 1 0 0 0 0 0 0 
1 1 1 1 1 1 1 0 0 
0 0 0 1 1 1 1 1 1 

Good Prefix & Suffix:
1 1 1 0 0 0 0 0 0 
0 0 1 1 1 1 1 0 0 
0 0 0 0 1 1 1 1 1 

0 all: 3 possible: 1 1 1 0 0 0 0 0 0 
1 all: 3 possible: 0 0 1 1 1 0 0 0 0 
2 all: 3 possible: 0 0 0 0 1 0 0 1 1 
Board:
????#..??
??###..??
#.#.#..??
??###???#
?######?#
??#####?#
??#####??
.?#?.###?
?#?.####?

Inference(1,1,1,1, | 1,-1,1,-1,1,-1,-1,0,0,)
REP: 0
10000
01000
01000
00100
00100
00010
00010
00010
00011
00011

REP: 1
10000
11000
11000
11000
11000
01100
01100
00110
00110
00011

GoodPrefix:
1 1 0 0 0 0 0 0 0 
0 0 1 1 0 0 0 0 0 
0 0 0 0 1 1 0 0 0 
0 0 0 0 0 0 1 1 1 

GoodSuffix:
1 0 0 0 0 0 0 0 0 
1 1 1 0 0 0 0 0 0 
0 1 1 1 1 1 1 0 0 
0 0 0 1 1 1 1 1 1 

Good Prefix & Suffix:
1 0 0 0 0 0 0 0 0 
0 0 1 0 0 0 0 0 0 
0 0 0 0 1 1 0 0 0 
0 0 0 0 0 0 1 1 1 

0 all: 1 possible: 1 0 0 0 0 0 0 0 0 
1 all: 1 possible: 0 0 1 0 0 0 0 0 0 
2 all: 1 possible: 0 0 0 0 1 0 0 0 0 
3 all: 2 possible: 0 0 0 0 0 0 0 1 1 
Board:
????#..??
??###..??
#.#.#..??
??###???#
?######?#
??#####?#
??#####??
.?#?.###?
?#?.####?

Inference(1,3, | -1,0,1,0,-1,1,1,1,0,)
REP: 0
100
100
110
010
010
010
000
000
001
001

REP: 1
100
100
000
010
010
010
011
001
001
001

GoodPrefix:
1 1 1 1 0 0 0 0 0 
0 0 0 1 1 1 1 

GoodSuffix:
0 1 1 1 1 0 0 0 0 
0 0 0 0 1 1 1 

Good Prefix & Suffix:
0 1 1 1 0 0 0 0 0 
0 0 0 0 1 1 1 

0 all: 3 possible: 0 1 1 1 0 0 0 0 0 
1 all: 2 possible: 0 0 0 0 0 1 2 2 1 
Board:
????#..??
??###..??
#.#.#..??
??###???#
?######?#
??#####?#
??#####??
.?#?.###?
?#?.####?

Inference(2,4, | 0,1,0,-1,1,1,1,1,0,)
REP: 0
100
100
010
010
010
000
000
000
001
001

REP: 1
100
100
000
000
010
010
010
010
001
001

GoodPrefix:
1 1 1 0 0 0 0 0 
0 0 0 1 1 1 

GoodSuffix:
1 1 1 0 0 0 0 0 
0 0 0 1 1 1 

Good Prefix & Suffix:
1 1 1 0 0 0 0 0 
0 0 0 1 1 1 

0 all: 2 possible: 1 2 1 0 0 0 0 0 0 
1 all: 2 possible: 0 0 0 0 1 2 2 2 1 
Board:
????#..??
??###..??
#.#.#..??
??###???#
?######?#
??#####?#
??#####??
.?#?.###?
?#?.####?

Inference(1,1,1, | 0,0,0,0,1,-1,-1,0,0,)
REP: 0
1000
1100
1100
1110
1110
0111
0111
0111
0111
0111

REP: 1
1000
1100
1100
1100
1100
0110
0110
0111
0111
0111

GoodPrefix:
1 1 1 1 1 1 0 0 0 
0 0 1 1 1 1 1 1 1 
0 0 0 0 1 1 1 1 1 

GoodSuffix:
1 1 1 0 0 0 0 0 0 
1 1 1 1 1 1 1 0 0 
0 0 0 1 1 1 1 1 1 

Good Prefix & Suffix:
1 1 1 0 0 0 0 0 0 
0 0 1 1 1 1 1 0 0 
0 0 0 0 1 1 1 1 1 

0 all: 3 possible: 1 1 1 0 0 0 0 0 0 
1 all: 3 possible: 0 0 1 1 1 0 0 0 0 
2 all: 3 possible: 0 0 0 0 1 0 0 1 1 
Board:
????#..??
??###..??
#.#.#..??
??###???#
?######?#
??#####?#
??#####??
.?#?.###?
?#?.####?

Inference(5,1, | 0,0,1,1,1,-1,-1,0,0,)
REP: 0
100
100
100
000
000
010
010
010
011
011

REP: 1
100
110
110
110
110
010
000
000
000
001

GoodPrefix:
1 1 1 1 0 
0 0 0 0 0 0 1 1 1 

GoodSuffix:
1 1 1 0 0 
0 0 0 1 1 1 1 1 1 

Good Prefix & Suffix:
1 1 1 0 0 
0 0 0 0 0 0 1 1 1 

0 all: 1 possible: 1 1 1 1 1 0 0 0 0 
1 all: 2 possible: 0 0 0 0 0 0 0 1 1 
Board:
????#..??
#####..??
#.#.#..??
??###???#
?######?#
??#####?#
??#####??
.?#?.###?
?#?.####?

Inference(1,1,1,1, | 1,-1,1,-1,1,-1,-1,0,0,)
REP: 0
10000
01000
01000
00100
00100
00010
00010
00010
00011
00011

REP: 1
10000
11000
11000
11000
11000
01100
01100
00110
00110
00011

GoodPrefix:
1 1 0 0 0 0 0 0 0 
0 0 1 1 0 0 0 0 0 
0 0 0 0 1 1 0 0 0 
0 0 0 0 0 0 1 1 1 

GoodSuffix:
1 0 0 0 0 0 0 0 0 
1 1 1 0 0 0 0 0 0 
0 1 1 1 1 1 1 0 0 
0 0 0 1 1 1 1 1 1 

Good Prefix & Suffix:
1 0 0 0 0 0 0 0 0 
0 0 1 0 0 0 0 0 0 
0 0 0 0 1 1 0 0 0 
0 0 0 0 0 0 1 1 1 

0 all: 1 possible: 1 0 0 0 0 0 0 0 0 
1 all: 1 possible: 0 0 1 0 0 0 0 0 0 
2 all: 1 possible: 0 0 0 0 1 0 0 0 0 
3 all: 2 possible: 0 0 0 0 0 0 0 1 1 
Board:
????#..??
#####..??
#.#.#..??
??###???#
?######?#
??#####?#
??#####??
.?#?.###?
?#?.####?

Inference(1,3, | -1,0,1,0,-1,1,1,1,0,)
REP: 0
100
100
110
010
010
010
000
000
001
001

REP: 1
100
100
000
010
010
010
011
001
001
001

GoodPrefix:
1 1 1 1 0 0 0 0 0 
0 0 0 1 1 1 1 

GoodSuffix:
0 1 1 1 1 0 0 0 0 
0 0 0 0 1 1 1 

Good Prefix & Suffix:
0 1 1 1 0 0 0 0 0 
0 0 0 0 1 1 1 

0 all: 3 possible: 0 1 1 1 0 0 0 0 0 
1 all: 2 possible: 0 0 0 0 0 1 2 2 1 
Board:
????#..??
#####..??
#.#.#..??
??###???#
?######?#
??#####?#
??#####??
.?#?.###?
?#?.####?

Inference(1,1,1, | 0,0,0,0,1,-1,-1,0,0,)
REP: 0
1000
1100
1100
1110
1110
0111
0111
0111
0111
0111

REP: 1
1000
1100
1100
1100
1100
0110
0110
0111
0111
0111

GoodPrefix:
1 1 1 1 1 1 0 0 0 
0 0 1 1 1 1 1 1 1 
0 0 0 0 1 1 1 1 1 

GoodSuffix:
1 1 1 0 0 0 0 0 0 
1 1 1 1 1 1 1 0 0 
0 0 0 1 1 1 1 1 1 

Good Prefix & Suffix:
1 1 1 0 0 0 0 0 0 
0 0 1 1 1 1 1 0 0 
0 0 0 0 1 1 1 1 1 

0 all: 3 possible: 1 1 1 0 0 0 0 0 0 
1 all: 3 possible: 0 0 1 1 1 0 0 0 0 
2 all: 3 possible: 0 0 0 0 1 0 0 1 1 
Board:
????#..??
#####..??
#.#.#..??
??###???#
?######?#
??#####?#
??#####??
.?#?.###?
?#?.####?

Inference(5,1, | 1,1,1,1,1,-1,-1,0,0,)
REP: 0
100
000
000
000
000
010
010
010
011
011

REP: 1
100
110
110
110
110
010
000
000
000
001

GoodPrefix:
1 1 0 0 0 
0 0 0 0 0 0 1 1 1 

GoodSuffix:
1 1 1 0 0 
0 0 0 1 1 1 1 1 1 

Good Prefix & Suffix:
1 1 0 0 0 
0 0 0 0 0 0 1 1 1 

0 all: 1 possible: 1 1 1 1 1 0 0 0 0 
1 all: 2 possible: 0 0 0 0 0 0 0 1 1 
Board:
????#..??
#####..??
#.#.#..??
??###???#
?######?#
??#####?#
??#####??
.?#?.###?
?#?.####?

Inference(1,1,1,1, | 1,-1,1,-1,1,-1,-1,0,0,)
REP: 0
10000
01000
01000
00100
00100
00010
00010
00010
00011
00011

REP: 1
10000
11000
11000
11000
11000
01100
01100
00110
00110
00011

GoodPrefix:
1 1 0 0 0 0 0 0 0 
0 0 1 1 0 0 0 0 0 
0 0 0 0 1 1 0 0 0 
0 0 0 0 0 0 1 1 1 

GoodSuffix:
1 0 0 0 0 0 0 0 0 
1 1 1 0 0 0 0 0 0 
0 1 1 1 1 1 1 0 0 
0 0 0 1 1 1 1 1 1 

Good Prefix & Suffix:
1 0 0 0 0 0 0 0 0 
0 0 1 0 0 0 0 0 0 
0 0 0 0 1 1 0 0 0 
0 0 0 0 0 0 1 1 1 

0 all: 1 possible: 1 0 0 0 0 0 0 0 0 
1 all: 1 possible: 0 0 1 0 0 0 0 0 0 
2 all: 1 possible: 0 0 0 0 1 0 0 0 0 
3 all: 2 possible: 0 0 0 0 0 0 0 1 1 
Board:
????#..??
#####..??
#.#.#..??
??###???#
?######?#
??#####?#
??#####??
.?#?.###?
?#?.####?

Inference(6,1, | 0,1,1,1,1,1,1,0,1,)
REP: 0
100
100
000
000
000
000
010
010
010
001

REP: 1
100
010
010
000
000
000
000
000
001
001

GoodPrefix:
1 1 1 0 
0 0 0 0 0 0 0 1 1 

GoodSuffix:
1 1 0 0 
0 0 0 0 0 0 0 1 1 

Good Prefix & Suffix:
1 1 0 0 
0 0 0 0 0 0 0 1 1 

0 all: 2 possible: 1 2 2 2 2 2 1 0 0 
1 all: 2 possible: 0 0 0 0 0 0 0 1 1 
Board:
????#..??
#####..??
#.#.#..??
??###???#
?######?#
??#####?#
??#####??
.?#?.###?
?#?.####?

Inference(6, | 0,0,1,1,1,1,1,0,0,)
REP: 0
10
10
10
00
00
00
01
01
01
01

REP: 1
10
10
10
00
00
00
01
01
01
01

GoodPrefix:
1 1 1 1 

GoodSuffix:
1 1 1 1 

Good Prefix & Suffix:
1 1 1 1 

0 all: 4 possible: 1 2 3 4 4 4 3 2 1 
Board:
????#..??
#####..??
#.#.#..??
??###???#
?######?#
??#####?#
??#####??
.?#?.###?
?#?.####?

Inference(1,3, | -1,0,1,0,-1,1,1,1,0,)
REP: 0
100
100
110
010
010
010
000
000
001
001

REP: 1
100
100
000
010
010
010
011
001
001
001

GoodPrefix:
1 1 1 1 0 0 0 0 0 
0 0 0 1 1 1 1 

GoodSuffix:
0 1 1 1 1 0 0 0 0 
0 0 0 0 1 1 1 

Good Prefix & Suffix:
0 1 1 1 0 0 0 0 0 
0 0 0 0 1 1 1 

0 all: 3 possible: 0 1 1 1 0 0 0 0 0 
1 all: 2 possible: 0 0 0 0 0 1 2 2 1 
Board:
????#..??
#####..??
#.#.#..??
??###???#
?######?#
??#####?#
??#####??
.?#?.###?
?#?.####?

Inference(5,1, | 0,0,1,1,1,0,0,0,1,)
REP: 0
100
100
100
000
000
010
010
011
011
001

REP: 1
100
010
010
010
010
000
000
001
001
001

GoodPrefix:
1 1 1 1 0 
0 0 0 0 0 0 1 1 1 

GoodSuffix:
1 1 1 0 0 
0 0 0 0 0 0 0 1 1 

Good Prefix & Suffix:
1 1 1 0 0 
0 0 0 0 0 0 0 1 1 

0 all: 3 possible: 1 2 3 3 3 2 1 0 0 
1 all: 2 possible: 0 0 0 0 0 0 0 1 1 
Board:
????#..??
#####..??
#.#.#..??
??###???#
?######?#
??#####?#
??#####??
.?#?.###?
?#?.####?

Inference(6,1, | 0,1,1,1,1,1,1,0,1,)
REP: 0
100
100
000
000
000
000
010
010
010
001

REP: 1
100
010
010
000
000
000
000
000
001
001

GoodPrefix:
1 1 1 0 
0 0 0 0 0 0 0 1 1 

GoodSuffix:
1 1 0 0 
0 0 0 0 0 0 0 1 1 

Good Prefix & Suffix:
1 1 0 0 
0 0 0 0 0 0 0 1 1 

0 all: 2 possible: 1 2 2 2 2 2 1 0 0 
1 all: 2 possible: 0 0 0 0 0 0 0 1 1 
Board:
????#..??
#####..??
#.#.#..??
??###???#
?######?#
??#####?#
??#####??
.?#?.###?
?#?.####?

Inference(7, | 0,0,1,1,1,1,1,0,1,)
REP: 0
10
10
10
00
00
00
00
01
01
01

REP: 1
10
00
00
00
00
00
00
01
01
01

GoodPrefix:
1 1 1 

GoodSuffix:
0 1 1 

Good Prefix & Suffix:
0 1 1 

0 all: 2 possible: 0 1 2 2 2 2 2 2 1 
Board:
????#..??
#####..??
#.#.#..??
??###???#
?######?#
.?#######
??#####??
.?#?.###?
?#?.####?

Inference(4, | 0,1,1,0,0,-1,0,-1,0,)
REP: 0
10
10
00
00
01
01
01
01
01
01

REP: 1
10
10
10
10
10
10
10
00
01
01

GoodPrefix:
1 1 1 0 0 0 

GoodSuffix:
1 1 1 1 1 1 

Good Prefix & Suffix:
1 1 1 0 0 0 

0 all: 2 possible: 1 2 2 2 1 0 0 0 0 
Board:
????#..??
#####..??
#.#.#..??
#?###???#
?######?#
.?#######
.?#####??
.?#?.###?
.#?.####?

Inference(1,2,1, | 0,1,-1,0,1,0,0,0,1,)
REP: 0
1000
1100
0100
0100
0100
0010
0010
0011
0011
0001

REP: 1
1000
0100
0100
0100
0110
0010
0010
0010
0001
0001

GoodPrefix:
1 1 1 0 0 0 0 0 0 
0 0 1 1 1 1 0 0 
0 0 0 0 0 0 1 1 1 

GoodSuffix:
1 1 1 1 0 0 0 0 0 
0 0 1 1 1 1 0 0 
0 0 0 0 0 0 0 1 1 

Good Prefix & Suffix:
1 1 1 0 0 0 0 0 0 
0 0 1 1 1 1 0 0 
0 0 0 0 0 0 0 1 1 

0 all: 2 possible: 1 1 0 0 0 0 0 0 0 
1 all: 3 possible: 0 0 0 1 2 2 1 0 0 
2 all: 2 possible: 0 0 0 0 0 0 0 1 1 
Board:
????#..??
#####..??
#.#.#..??
#?###???#
?######?#
.?#######
.?#####??
.?#?.###?
.#?.####?

Inference(1,4, | 0,1,-1,1,1,1,1,0,-1,)
REP: 0
100
110
010
010
000
000
000
001
001
001

REP: 1
100
100
100
000
000
010
010
010
001
001

GoodPrefix:
1 1 1 0 0 0 0 0 0 
0 0 1 1 1 0 

GoodSuffix:
1 1 1 0 0 0 0 0 0 
0 0 1 1 1 1 

Good Prefix & Suffix:
1 1 1 0 0 0 0 0 0 
0 0 1 1 1 0 

0 all: 2 possible: 1 1 0 0 0 0 0 0 0 
1 all: 2 possible: 0 0 0 1 2 2 2 1 0 
Board:
????#..??
#####..??
#.#.#..??
#?###???#
?######?#
.?#######
.?#####??
.?#?.###?
.#?.####?

Inference(4, | 0,1,1,1,0,-1,-1,-1,-1,)
REP: 0
10
10
00
00
01
01
01
01
01
01

REP: 1
10
10
10
10
10
10
00
00
01
01

GoodPrefix:
1 1 1 0 0 0 

GoodSuffix:
1 1 1 1 1 1 

Good Prefix & Suffix:
1 1 1 0 0 0 

0 all: 2 possible: 1 2 2 2 1 0 0 0 0 
Board:
????#..??
#####..??
#.#.#..??
#?###???#
?######?#
.?#######
.?#####??
.?#?.###?
.#?.####?

Inference(4, | 0,0,0,0,0,1,0,1,1,)
REP: 0
10
10
10
10
11
11
01
01
01
01

REP: 1
10
00
00
00
01
01
01
01
01
01

GoodPrefix:
1 1 1 1 1 1 

GoodSuffix:
0 0 0 0 1 1 

Good Prefix & Suffix:
0 0 0 0 1 1 

0 all: 2 possible: 0 0 0 0 1 2 2 2 1 
Board:
????#...?
#####...?
#.#.#...?
#?###??.#
?######?#
.?#######
.?######?
.?#?.###?
.#?.####?

Inference(1,2,1, | 0,1,-1,0,1,0,0,0,1,)
REP: 0
1000
1100
0100
0100
0100
0010
0010
0011
0011
0001

REP: 1
1000
0100
0100
0100
0110
0010
0010
0010
0001
0001

GoodPrefix:
1 1 1 0 0 0 0 0 0 
0 0 1 1 1 1 0 0 
0 0 0 0 0 0 1 1 1 

GoodSuffix:
1 1 1 1 0 0 0 0 0 
0 0 1 1 1 1 0 0 
0 0 0 0 0 0 0 1 1 

Good Prefix & Suffix:
1 1 1 0 0 0 0 0 0 
0 0 1 1 1 1 0 0 
0 0 0 0 0 0 0 1 1 

0 all: 2 possible: 1 1 0 0 0 0 0 0 0 
1 all: 3 possible: 0 0 0 1 2 2 1 0 0 
2 all: 2 possible: 0 0 0 0 0 0 0 1 1 
Board:
????#...?
#####...?
#.#.#...?
#?###??.#
?######?#
.?#######
.?######?
.?#?.###?
.#?.####?

Inference(4, | -1,-1,-1,-1,0,1,1,1,1,)
REP: 0
10
10
10
10
10
10
00
00
01
01

REP: 1
10
00
00
00
01
01
01
01
01
01

GoodPrefix:
1 1 1 1 1 1 

GoodSuffix:
0 0 0 0 1 1 

Good Prefix & Suffix:
0 0 0 0 1 1 

0 all: 2 possible: 0 0 0 0 1 2 2 2 1 
Board:
????#...?
#####...?
#.#.#...?
#?###??.#
?######?#
.?#######
.?######?
.?#?.###?
.#?.####?

Inference(4, | 0,1,1,1,0,-1,-1,-1,-1,)
REP: 0
10
10
00
00
01
01
01
01
01
01

REP: 1
10
10
10
10
10
10
00
00
01
01

GoodPrefix:
1 1 1 0 0 0 

GoodSuffix:
1 1 1 1 1 1 

Good Prefix & Suffix:
1 1 1 0 0 0 

0 all: 2 possible: 1 2 2 2 1 0 0 0 0 
Board:
????#...?
#####...?
#.#.#...?
#?###??.#
?######?#
.?#######
.?######?
.?#?.###?
.#?.####?

Inference(1,2,1, | 0,1,-1,0,1,0,0,0,1,)
REP: 0
1000
1100
0100
0100
0100
0010
0010
0011
0011
0001

REP: 1
1000
0100
0100
0100
0110
0010
0010
0010
0001
0001

GoodPrefix:
1 1 1 0 0 0 0 0 0 
0 0 1 1 1 1 0 0 
0 0 0 0 0 0 1 1 1 

GoodSuffix:
1 1 1 1 0 0 0 0 0 
0 0 1 1 1 1 0 0 
0 0 0 0 0 0 0 1 1 

Good Prefix & Suffix:
1 1 1 0 0 0 0 0 0 
0 0 1 1 1 1 0 0 
0 0 0 0 0 0 0 1 1 

0 all: 2 possible: 1 1 0 0 0 0 0 0 0 
1 all: 3 possible: 0 0 0 1 2 2 1 0 0 
2 all: 2 possible: 0 0 0 0 0 0 0 1 1 
Board:
????#...?
#####...?
#.#.#...?
#?###??.#
?######?#
.?#######
.?######?
.?#?.###?
.#?.####?

Inference(4, | 0,1,1,1,0,-1,-1,-1,-1,)
REP: 0
10
10
00
00
01
01
01
01
01
01

REP: 1
10
10
10
10
10
10
00
00
01
01

GoodPrefix:
1 1 1 0 0 0 

GoodSuffix:
1 1 1 1 1 1 

Good Prefix & Suffix:
1 1 1 0 0 0 

0 all: 2 possible: 1 2 2 2 1 0 0 0 0 
Board:
????#...?
#####...?
#.#.#...?
#?###??.#
?######?#
.?#######
.?######?
.?#?.###?
.#?.####?

Inference(4, | -1,-1,-1,-1,0,1,1,1,1,)
REP: 0
10
10
10
10
10
10
00
00
01
01

REP: 1
10
00
00
00
01
01
01
01
01
01

GoodPrefix:
1 1 1 1 1 1 

GoodSuffix:
0 0 0 0 1 1 

Good Prefix & Suffix:
0 0 0 0 1 1 

0 all: 2 possible: 0 0 0 0 1 2 2 2 1 
Board:
????#...?
#####...?
#.#.#...?
#?###??.#
?######?#
.?#######
.?######?
.?#?.###?
.#?.####?

Inference(5,1, | 1,0,1,1,1,0,0,-1,1,)
REP: 0
100
000
000
000
000
010
010
011
011
001

REP: 1
100
010
010
010
010
000
000
001
001
001

GoodPrefix:
1 1 0 0 0 
0 0 0 0 0 0 1 1 1 

GoodSuffix:
1 1 1 0 0 
0 0 0 0 0 0 0 1 1 

Good Prefix & Suffix:
1 1 0 0 0 
0 0 0 0 0 0 0 1 1 

0 all: 2 possible: 1 2 2 2 2 1 0 0 0 
1 all: 1 possible: 0 0 0 0 0 0 0 0 1 
Board:
????#...?
#####...?
#.#.#...?
#####?..#
?######?#
.?#######
.?######?
.?#?.###?
.#?.####?

Inference(6, | -1,0,1,1,1,1,1,1,0,)
REP: 0
10
10
10
00
00
00
00
01
01
01

REP: 1
10
10
00
00
00
00
01
01
01
01

GoodPrefix:
1 1 1 1 

GoodSuffix:
0 1 1 1 

Good Prefix & Suffix:
0 1 1 1 

0 all: 3 possible: 0 1 2 3 3 3 3 2 1 
Board:
????#...?
#####...?
#.#.#...?
#####?..#
?######?#
.?#######
.?######?
.?#?.###?
.#?.####?

Inference(2,4, | -1,1,0,-1,1,1,1,1,0,)
REP: 0
100
100
000
010
010
000
000
000
001
001

REP: 1
100
100
000
000
010
010
010
010
001
001

GoodPrefix:
1 1 1 0 0 0 0 0 
0 0 0 0 1 1 

GoodSuffix:
1 1 1 0 0 0 0 0 
0 0 0 1 1 1 

Good Prefix & Suffix:
1 1 1 0 0 0 0 0 
0 0 0 0 1 1 

0 all: 1 possible: 0 1 1 0 0 0 0 0 0 
1 all: 2 possible: 0 0 0 0 1 2 2 2 1 
Board:
????#...?
#####...?
#.#.#...?
#####?..#
?######?#
.?#######
.?######?
.?#?.###?
.##.####?

Inference(1,1,1, | 0,0,0,0,1,-1,-1,-1,0,)
REP: 0
1000
1100
1100
1110
1110
0111
0111
0111
0111
0111

REP: 1
1000
1100
1100
1100
1100
0110
0110
0111
0111
0111

GoodPrefix:
1 1 1 1 1 1 0 0 0 
0 0 1 1 1 1 1 1 1 
0 0 0 0 1 1 1 1 1 

GoodSuffix:
1 1 1 0 0 0 0 0 0 
1 1 1 1 1 1 1 0 0 
0 0 0 1 1 1 1 1 1 

Good Prefix & Suffix:
1 1 1 0 0 0 0 0 0 
0 0 1 1 1 1 1 0 0 
0 0 0 0 1 1 1 1 1 

0 all: 3 possible: 1 1 1 0 0 0 0 0 0 
1 all: 3 possible: 0 0 1 1 1 0 0 0 0 
2 all: 2 possible: 0 0 0 0 1 0 0 0 1 
Board:
????#...?
#####...?
#.#.#...?
#####?..#
?######?#
.?#######
.?######?
.?#?.###?
.##.####?

Inference(5,1, | 1,1,1,1,1,-1,-1,-1,0,)
REP: 0
100
000
000
000
000
010
010
010
010
011

REP: 1
100
110
110
110
110
010
000
000
000
001

GoodPrefix:
1 1 0 0 0 
0 0 0 0 0 0 1 1 1 

GoodSuffix:
1 1 1 0 0 
0 0 0 1 1 1 1 1 1 

Good Prefix & Suffix:
1 1 0 0 0 
0 0 0 0 0 0 1 1 1 

0 all: 1 possible: 1 1 1 1 1 0 0 0 0 
1 all: 1 possible: 0 0 0 0 0 0 0 0 1 
Board:
????#...?
#####...#
#.#.#...?
#####?..#
?######?#
.?#######
.?######?
.?#?.###?
.##.####?

Inference(1,1,1,1, | 1,-1,1,-1,1,-1,-1,-1,0,)
REP: 0
10000
01000
01000
00100
00100
00010
00010
00010
00010
00011

REP: 1
10000
11000
11000
11000
11000
01100
01100
00110
00110
00011

GoodPrefix:
1 1 0 0 0 0 0 0 0 
0 0 1 1 0 0 0 0 0 
0 0 0 0 1 1 0 0 0 
0 0 0 0 0 0 1 1 1 

GoodSuffix:
1 0 0 0 0 0 0 0 0 
1 1 1 0 0 0 0 0 0 
0 1 1 1 1 1 1 0 0 
0 0 0 1 1 1 1 1 1 

Good Prefix & Suffix:
1 0 0 0 0 0 0 0 0 
0 0 1 0 0 0 0 0 0 
0 0 0 0 1 1 0 0 0 
0 0 0 0 0 0 1 1 1 

0 all: 1 possible: 1 0 0 0 0 0 0 0 0 
1 all: 1 possible: 0 0 1 0 0 0 0 0 0 
2 all: 1 possible: 0 0 0 0 1 0 0 0 0 
3 all: 1 possible: 0 0 0 0 0 0 0 0 1 
Board:
????#...?
#####...#
#.#.#...#
#####?..#
?######?#
.?#######
.?######?
.?#?.###?
.##.####?

Inference(5,1, | 1,1,1,1,1,0,-1,-1,1,)
REP: 0
100
000
000
000
000
010
010
010
010
001

REP: 1
100
010
010
010
010
000
000
000
001
001

GoodPrefix:
1 1 0 0 0 
0 0 0 0 0 0 1 1 1 

GoodSuffix:
1 1 1 0 0 
0 0 0 0 0 0 0 1 1 

Good Prefix & Suffix:
1 1 0 0 0 
0 0 0 0 0 0 0 1 1 

0 all: 2 possible: 1 2 2 2 2 1 0 0 0 
1 all: 1 possible: 0 0 0 0 0 0 0 0 1 
Board:
????#...?
#####...#
#.#.#...#
#####?..#
?######?#
.?#######
.?######?
.?#?.###?
.##.####?

Inference(6, | -1,0,1,1,1,1,1,1,0,)
REP: 0
10
10
10
00
00
00
00
01
01
01

REP: 1
10
10
00
00
00
00
01
01
01
01

GoodPrefix:
1 1 1 1 

GoodSuffix:
0 1 1 1 

Good Prefix & Suffix:
0 1 1 1 

0 all: 3 possible: 0 1 2 3 3 3 3 2 1 
Board:
????#...?
#####...#
#.#.#...#
#####?..#
?######?#
.?#######
.?######?
.?#?.###?
.##.####?

Inference(1,2,1, | 0,1,-1,1,1,0,0,0,1,)
REP: 0
1000
1100
0100
0100
0000
0010
0010
0011
0011
0001

REP: 1
1000
0100
0100
0100
0110
0010
0010
0010
0001
0001

GoodPrefix:
1 1 1 0 0 0 0 0 0 
0 0 1 1 1 0 0 0 
0 0 0 0 0 0 1 1 1 

GoodSuffix:
1 1 1 1 0 0 0 0 0 
0 0 1 1 1 1 0 0 
0 0 0 0 0 0 0 1 1 

Good Prefix & Suffix:
1 1 1 0 0 0 0 0 0 
0 0 1 1 1 0 0 0 
0 0 0 0 0 0 0 1 1 

0 all: 2 possible: 1 1 0 0 0 0 0 0 0 
1 all: 2 possible: 0 0 0 1 2 1 0 0 0 
2 all: 2 possible: 0 0 0 0 0 0 0 1 1 
Board:
????#...?
#####...#
#.#.#...#
#####?..#
?######?#
.?#######
..######?
.?#?.###?
.##.####?

Inference(5, | -1,-1,-1,-1,1,1,1,1,1,)
REP: 0
10
10
10
10
10
00
00
00
00
01

REP: 1
10
00
00
00
00
01
01
01
01
01

GoodPrefix:
1 1 1 1 1 

GoodSuffix:
0 0 0 1 1 

Good Prefix & Suffix:
0 0 0 1 1 

0 all: 1 possible: 0 0 0 0 1 1 1 1 1 
Board:
????#...?
#####...#
#.#.#...#
#####?..#
?######?#
.?#######
..######?
.?#?.###?
.##.####?

Inference(8, | 0,1,1,1,1,1,1,1,1,)
REP: 0
10
10
00
00
00
00
00
00
01
01

REP: 1
10
00
00
00
00
00
00
00
01
01

GoodPrefix:
1 1 

GoodSuffix:
1 1 

Good Prefix & Suffix:
1 1 

0 all: 2 possible: 1 2 2 2 2 2 2 2 1 
Board:
????#...?
#####...#
#.#.#...#
#####?..#
?######?#
.?#######
..######?
.?#?.###?
.##.####?

Inference(6, | 0,1,1,1,1,1,0,0,0,)
REP: 0
10
10
00
00
00
00
01
01
01
01

REP: 1
10
10
10
10
00
00
01
01
01
01

GoodPrefix:
1 1 1 0 

GoodSuffix:
1 1 1 1 

Good Prefix & Suffix:
1 1 1 0 

0 all: 3 possible: 1 2 3 3 3 3 2 1 0 
Board:
????#...?
#####...#
#.#.#...#
#####?..#
?######?#
.?#######
..######?
.?#?.###?
.##.####.

Inference(6, | 0,1,1,1,1,1,0,0,-1,)
REP: 0
10
10
00
00
00
00
01
01
01
01

REP: 1
10
10
10
10
00
00
00
01
01
01

GoodPrefix:
1 1 1 0 

GoodSuffix:
1 1 1 1 

Good Prefix & Suffix:
1 1 1 0 

0 all: 3 possible: 1 2 3 3 3 3 2 1 0 
Board:
????#...?
#####...#
#.#.#...#
#####?..#
?######?#
.?#######
..######?
.?#?.###?
.##.####.

Inference(6, | -1,-1,1,1,1,1,1,1,0,)
REP: 0
10
10
10
00
00
00
00
00
01
01

REP: 1
10
10
00
00
00
00
01
01
01
01

GoodPrefix:
1 1 1 1 

GoodSuffix:
0 1 1 1 

Good Prefix & Suffix:
0 1 1 1 

0 all: 2 possible: 0 0 1 2 2 2 2 2 1 
Board:
????#...?
#####...#
#.#.#...#
#####?..#
?######?#
.?#######
..######?
.?#?.###?
.##.####.

Inference(2,4, | -1,1,1,-1,1,1,1,1,-1,)
REP: 0
100
100
000
010
010
000
000
000
001
001

REP: 1
100
100
000
000
000
010
010
000
001
001

GoodPrefix:
1 1 1 0 0 0 0 0 
0 0 0 0 1 1 

GoodSuffix:
1 1 0 0 0 0 0 0 
0 0 0 1 1 1 

Good Prefix & Suffix:
1 1 0 0 0 0 0 0 
0 0 0 0 1 1 

0 all: 1 possible: 0 1 1 0 0 0 0 0 0 
1 all: 1 possible: 0 0 0 0 1 1 1 1 0 
