527.875 532.3145161290322 533.7943548387096 535.2741935483871 536.7540322580644 538.233870967742 527.875 520.4758064516129 516.0362903225806 518.9959677419354 535.2741935483871 564.8709677419354 598.9072580645161 627.0241935483871 632.9435483870967 616.6653225806451 584.108870967742 561.9112903225806 532.3145161290322
517.3639919354839 561.7591532258064 610.5938306451612 656.4688306451612 703.8236693548387 742.2994758064516 694.9446370967742 649.0696370967742 603.1946370967742 569.1583467741934 535.1220564516129 515.8841532258064 508.4849596774193 520.3236693548386 552.880120967742 589.8760887096773 620.9527016129032 634.27125 640.1906048387095
0.0 0.05555555555555555 0.1111111111111111 0.16666666666666666 0.2222222222222222 0.2777777777777778 0.3333333333333333 0.3888888888888889 0.4444444444444444 0.5 0.5555555555555556 0.6111111111111112 0.6666666666666666 0.7222222222222222 0.7777777777777778 0.8333333333333334 0.8888888888888888 0.9444444444444444 1.0
0.0 0.012658227848101266 0.02531645569620253 0.0379746835443038 0.05063291139240506 0.06329113924050633 0.0759493670886076 0.08860759493670886 0.10126582278481013 0.11392405063291139 0.12658227848101267 0.13924050632911392 0.1518987341772152 0.16455696202531644 0.17721518987341772 0.189873417721519 0.20253164556962025 0.21518987341772153 0.22784810126582278 0.24050632911392406 0.25316455696202533 0.26582278481012656 0.27848101265822783 0.2911392405063291 0.3037974683544304 0.31645569620253167 0.3291139240506329 0.34177215189873417 0.35443037974683544 0.3670886075949367 0.379746835443038 0.3924050632911392 0.4050632911392405 0.4177215189873418 0.43037974683544306 0.4430379746835443 0.45569620253164556 0.46835443037974683 0.4810126582278481 0.4936708860759494 0.5063291139240507 0.5189873417721519 0.5316455696202531 0.5443037974683544 0.5569620253164557 0.569620253164557 0.5822784810126582 0.5949367088607594 0.6075949367088608 0.620253164556962 0.6329113924050633 0.6455696202531646 0.6582278481012658 0.6708860759493671 0.6835443037974683 0.6962025316455697 0.7088607594936709 0.7215189873417721 0.7341772151898734 0.7468354430379747 0.759493670886076 0.7721518987341772 0.7848101265822784 0.7974683544303798 0.810126582278481 0.8227848101265823 0.8354430379746836 0.8481012658227848 0.8607594936708861 0.8734177215189873 0.8860759493670886 0.8987341772151899 0.9113924050632911 0.9240506329113924 0.9367088607594937 0.9493670886075949 0.9620253164556962 0.9746835443037974 0.9873417721518988 1.0

705.4556451612902 705.4556451612902 705.4556451612902 701.016129032258 701.016129032258 711.375 729.133064516129 733.5725806451612 736.5322580645161 755.7701612903226 792.766129032258 817.9233870967741 829.7620967741935 843.0806451612902 843.0806451612902 831.241935483871 829.7620967741935 829.7620967741935
527.7228629032259 570.638185483871 606.154314516129 646.1099596774193 677.1865725806451 699.3841532258064 663.8680241935483 629.8317338709676 607.6341532258064 635.7510887096773 683.1059274193548 696.4244758064516 691.9849596774193 647.5897983870968 588.39625 542.52125 555.8397983870968 557.3196370967742
0.0 0.058823529411764705 0.11764705882352941 0.17647058823529413 0.23529411764705882 0.29411764705882354 0.35294117647058826 0.4117647058823529 0.47058823529411764 0.5294117647058824 0.5882352941176471 0.6470588235294118 0.7058823529411765 0.7647058823529411 0.8235294117647058 0.8823529411764706 0.9411764705882353 1.0
0.0 0.012658227848101266 0.02531645569620253 0.0379746835443038 0.05063291139240506 0.06329113924050633 0.0759493670886076 0.08860759493670886 0.10126582278481013 0.11392405063291139 0.12658227848101267 0.13924050632911392 0.1518987341772152 0.16455696202531644 0.17721518987341772 0.189873417721519 0.20253164556962025 0.21518987341772153 0.22784810126582278 0.24050632911392406 0.25316455696202533 0.26582278481012656 0.27848101265822783 0.2911392405063291 0.3037974683544304 0.31645569620253167 0.3291139240506329 0.34177215189873417 0.35443037974683544 0.3670886075949367 0.379746835443038 0.3924050632911392 0.4050632911392405 0.4177215189873418 0.43037974683544306 0.4430379746835443 0.45569620253164556 0.46835443037974683 0.4810126582278481 0.4936708860759494 0.5063291139240507 0.5189873417721519 0.5316455696202531 0.5443037974683544 0.5569620253164557 0.569620253164557 0.5822784810126582 0.5949367088607594 0.6075949367088608 0.620253164556962 0.6329113924050633 0.6455696202531646 0.6582278481012658 0.6708860759493671 0.6835443037974683 0.6962025316455697 0.7088607594936709 0.7215189873417721 0.7341772151898734 0.7468354430379747 0.759493670886076 0.7721518987341772 0.7848101265822784 0.7974683544303798 0.810126582278481 0.8227848101265823 0.8354430379746836 0.8481012658227848 0.8607594936708861 0.8734177215189873 0.8860759493670886 0.8987341772151899 0.9113924050632911 0.9240506329113924 0.9367088607594937 0.9493670886075949 0.9620253164556962 0.9746835443037974 0.9873417721518988 1.0

915.5927419354839 920.0322580645161 921.5120967741935 917.0725806451612 909.6733870967741 896.3548387096774 881.5564516129032 890.4354838709677 917.0725806451612 952.5887096774194 982.1854838709677 994.0241935483871 992.5443548387096 985.1451612903226 970.3467741935484 955.5483870967741 951.108870967742 951.108870967742 949.6290322580645
569.1583467741934 554.3599596774193 546.9607661290322 541.0414112903225 544.0010887096773 566.1986693548386 609.1139919354839 662.388185483871 687.5454435483871 690.5051209677418 669.7873790322581 629.8317338709676 591.3559274193549 555.8397983870968 536.6018951612903 532.1623790322581 539.5615725806451 545.4809274193549 557.3196370967742
0.0 0.05555555555555555 0.1111111111111111 0.16666666666666666 0.2222222222222222 0.2777777777777778 0.3333333333333333 0.3888888888888889 0.4444444444444444 0.5 0.5555555555555556 0.6111111111111112 0.6666666666666666 0.7222222222222222 0.7777777777777778 0.8333333333333334 0.8888888888888888 0.9444444444444444 1.0
0.0 0.012658227848101266 0.02531645569620253 0.0379746835443038 0.05063291139240506 0.06329113924050633 0.0759493670886076 0.08860759493670886 0.10126582278481013 0.11392405063291139 0.12658227848101267 0.13924050632911392 0.1518987341772152 0.16455696202531644 0.17721518987341772 0.189873417721519 0.20253164556962025 0.21518987341772153 0.22784810126582278 0.24050632911392406 0.25316455696202533 0.26582278481012656 0.27848101265822783 0.2911392405063291 0.3037974683544304 0.31645569620253167 0.3291139240506329 0.34177215189873417 0.35443037974683544 0.3670886075949367 0.379746835443038 0.3924050632911392 0.4050632911392405 0.4177215189873418 0.43037974683544306 0.4430379746835443 0.45569620253164556 0.46835443037974683 0.4810126582278481 0.4936708860759494 0.5063291139240507 0.5189873417721519 0.5316455696202531 0.5443037974683544 0.5569620253164557 0.569620253164557 0.5822784810126582 0.5949367088607594 0.6075949367088608 0.620253164556962 0.6329113924050633 0.6455696202531646 0.6582278481012658 0.6708860759493671 0.6835443037974683 0.6962025316455697 0.7088607594936709 0.7215189873417721 0.7341772151898734 0.7468354430379747 0.759493670886076 0.7721518987341772 0.7848101265822784 0.7974683544303798 0.810126582278481 0.8227848101265823 0.8354430379746836 0.8481012658227848 0.8607594936708861 0.8734177215189873 0.8860759493670886 0.8987341772151899 0.9113924050632911 0.9240506329113924 0.9367088607594937 0.9493670886075949 0.9620253164556962 0.9746835443037974 0.9873417721518988 1.0

1124.25 1125.7298387096776 1127.2096774193549 1130.1693548387098 1137.5685483870968 1137.5685483870968
578.0373790322581 586.9164112903225 603.1946370967742 622.4325403225805 641.6704435483871 641.6704435483871
0.0 0.2 0.4 0.6 0.8 1.0
0.0 0.012658227848101266 0.02531645569620253 0.0379746835443038 0.05063291139240506 0.06329113924050633 0.0759493670886076 0.08860759493670886 0.10126582278481013 0.11392405063291139 0.12658227848101267 0.13924050632911392 0.1518987341772152 0.16455696202531644 0.17721518987341772 0.189873417721519 0.20253164556962025 0.21518987341772153 0.22784810126582278 0.24050632911392406 0.25316455696202533 0.26582278481012656 0.27848101265822783 0.2911392405063291 0.3037974683544304 0.31645569620253167 0.3291139240506329 0.34177215189873417 0.35443037974683544 0.3670886075949367 0.379746835443038 0.3924050632911392 0.4050632911392405 0.4177215189873418 0.43037974683544306 0.4430379746835443 0.45569620253164556 0.46835443037974683 0.4810126582278481 0.4936708860759494 0.5063291139240507 0.5189873417721519 0.5316455696202531 0.5443037974683544 0.5569620253164557 0.569620253164557 0.5822784810126582 0.5949367088607594 0.6075949367088608 0.620253164556962 0.6329113924050633 0.6455696202531646 0.6582278481012658 0.6708860759493671 0.6835443037974683 0.6962025316455697 0.7088607594936709 0.7215189873417721 0.7341772151898734 0.7468354430379747 0.759493670886076 0.7721518987341772 0.7848101265822784 0.7974683544303798 0.810126582278481 0.8227848101265823 0.8354430379746836 0.8481012658227848 0.8607594936708861 0.8734177215189873 0.8860759493670886 0.8987341772151899 0.9113924050632911 0.9240506329113924 0.9367088607594937 0.9493670886075949 0.9620253164556962 0.9746835443037974 0.9873417721518988 1.0

1091.6935483870968 1107.9717741935483 1127.2096774193549 1140.5282258064517 1159.766129032258 1174.5645161290322
626.8720564516129 625.3922177419354 620.9527016129032 619.4728629032259 615.0333467741934 615.0333467741934
0.0 0.2 0.4 0.6 0.8 1.0
0.0 0.012658227848101266 0.02531645569620253 0.0379746835443038 0.05063291139240506 0.06329113924050633 0.0759493670886076 0.08860759493670886 0.10126582278481013 0.11392405063291139 0.12658227848101267 0.13924050632911392 0.1518987341772152 0.16455696202531644 0.17721518987341772 0.189873417721519 0.20253164556962025 0.21518987341772153 0.22784810126582278 0.24050632911392406 0.25316455696202533 0.26582278481012656 0.27848101265822783 0.2911392405063291 0.3037974683544304 0.31645569620253167 0.3291139240506329 0.34177215189873417 0.35443037974683544 0.3670886075949367 0.379746835443038 0.3924050632911392 0.4050632911392405 0.4177215189873418 0.43037974683544306 0.4430379746835443 0.45569620253164556 0.46835443037974683 0.4810126582278481 0.4936708860759494 0.5063291139240507 0.5189873417721519 0.5316455696202531 0.5443037974683544 0.5569620253164557 0.569620253164557 0.5822784810126582 0.5949367088607594 0.6075949367088608 0.620253164556962 0.6329113924050633 0.6455696202531646 0.6582278481012658 0.6708860759493671 0.6835443037974683 0.6962025316455697 0.7088607594936709 0.7215189873417721 0.7341772151898734 0.7468354430379747 0.759493670886076 0.7721518987341772 0.7848101265822784 0.7974683544303798 0.810126582278481 0.8227848101265823 0.8354430379746836 0.8481012658227848 0.8607594936708861 0.8734177215189873 0.8860759493670886 0.8987341772151899 0.9113924050632911 0.9240506329113924 0.9367088607594937 0.9493670886075949 0.9620253164556962 0.9746835443037974 0.9873417721518988 1.0

1275.1935483870968 1272.233870967742 1273.7137096774193 1276.6733870967741 1281.1129032258066 1281.1129032258066 1258.9153225806451 1241.157258064516 1255.9556451612902 1278.1532258064517 1295.9112903225807 1310.7096774193549 1326.9879032258066
563.2389919354839 575.0777016129032 588.39625 606.154314516129 622.4325403225805 635.7510887096773 615.0333467741934 594.3156048387095 591.3559274193549 592.8357661290322 594.3156048387095 594.3156048387095 594.3156048387095
0.0 0.08333333333333333 0.16666666666666666 0.25 0.3333333333333333 0.4166666666666667 0.5 0.5833333333333334 0.6666666666666666 0.75 0.8333333333333334 0.9166666666666666 1.0
0.0 0.012658227848101266 0.02531645569620253 0.0379746835443038 0.05063291139240506 0.06329113924050633 0.0759493670886076 0.08860759493670886 0.10126582278481013 0.11392405063291139 0.12658227848101267 0.13924050632911392 0.1518987341772152 0.16455696202531644 0.17721518987341772 0.189873417721519 0.20253164556962025 0.21518987341772153 0.22784810126582278 0.24050632911392406 0.25316455696202533 0.26582278481012656 0.27848101265822783 0.2911392405063291 0.3037974683544304 0.31645569620253167 0.3291139240506329 0.34177215189873417 0.35443037974683544 0.3670886075949367 0.379746835443038 0.3924050632911392 0.4050632911392405 0.4177215189873418 0.43037974683544306 0.4430379746835443 0.45569620253164556 0.46835443037974683 0.4810126582278481 0.4936708860759494 0.5063291139240507 0.5189873417721519 0.5316455696202531 0.5443037974683544 0.5569620253164557 0.569620253164557 0.5822784810126582 0.5949367088607594 0.6075949367088608 0.620253164556962 0.6329113924050633 0.6455696202531646 0.6582278481012658 0.6708860759493671 0.6835443037974683 0.6962025316455697 0.7088607594936709 0.7215189873417721 0.7341772151898734 0.7468354430379747 0.759493670886076 0.7721518987341772 0.7848101265822784 0.7974683544303798 0.810126582278481 0.8227848101265823 0.8354430379746836 0.8481012658227848 0.8607594936708861 0.8734177215189873 0.8860759493670886 0.8987341772151899 0.9113924050632911 0.9240506329113924 0.9367088607594937 0.9493670886075949 0.9620253164556962 0.9746835443037974 0.9873417721518988 1.0

1580.0403225806451 1588.9193548387098 1588.9193548387098 1587.4395161290322 1585.9596774193549 1584.4798387096776 1581.5201612903227 1580.0403225806451 1583.0
505.5252822580644 495.16641129032246 511.44463709677416 538.0817338709676 554.3599596774193 576.5575403225805 597.2752822580644 615.0333467741934 628.3518951612903
0.0 0.125 0.25 0.375 0.5 0.625 0.75 0.875 1.0
0.0 0.012658227848101266 0.02531645569620253 0.0379746835443038 0.05063291139240506 0.06329113924050633 0.0759493670886076 0.08860759493670886 0.10126582278481013 0.11392405063291139 0.12658227848101267 0.13924050632911392 0.1518987341772152 0.16455696202531644 0.17721518987341772 0.189873417721519 0.20253164556962025 0.21518987341772153 0.22784810126582278 0.24050632911392406 0.25316455696202533 0.26582278481012656 0.27848101265822783 0.2911392405063291 0.3037974683544304 0.31645569620253167 0.3291139240506329 0.34177215189873417 0.35443037974683544 0.3670886075949367 0.379746835443038 0.3924050632911392 0.4050632911392405 0.4177215189873418 0.43037974683544306 0.4430379746835443 0.45569620253164556 0.46835443037974683 0.4810126582278481 0.4936708860759494 0.5063291139240507 0.5189873417721519 0.5316455696202531 0.5443037974683544 0.5569620253164557 0.569620253164557 0.5822784810126582 0.5949367088607594 0.6075949367088608 0.620253164556962 0.6329113924050633 0.6455696202531646 0.6582278481012658 0.6708860759493671 0.6835443037974683 0.6962025316455697 0.7088607594936709 0.7215189873417721 0.7341772151898734 0.7468354430379747 0.759493670886076 0.7721518987341772 0.7848101265822784 0.7974683544303798 0.810126582278481 0.8227848101265823 0.8354430379746836 0.8481012658227848 0.8607594936708861 0.8734177215189873 0.8860759493670886 0.8987341772151899 0.9113924050632911 0.9240506329113924 0.9367088607594937 0.9493670886075949 0.9620253164556962 0.9746835443037974 0.9873417721518988 1.0

1560.8024193548388 1572.641129032258 1583.0 1593.358870967742 1597.7983870967741 1603.717741935484
575.0777016129032 575.0777016129032 578.0373790322581 578.0373790322581 578.0373790322581 578.0373790322581
0.0 0.2 0.4 0.6 0.8 1.0
0.0 0.012658227848101266 0.02531645569620253 0.0379746835443038 0.05063291139240506 0.06329113924050633 0.0759493670886076 0.08860759493670886 0.10126582278481013 0.11392405063291139 0.12658227848101267 0.13924050632911392 0.1518987341772152 0.16455696202531644 0.17721518987341772 0.189873417721519 0.20253164556962025 0.21518987341772153 0.22784810126582278 0.24050632911392406 0.25316455696202533 0.26582278481012656 0.27848101265822783 0.2911392405063291 0.3037974683544304 0.31645569620253167 0.3291139240506329 0.34177215189873417 0.35443037974683544 0.3670886075949367 0.379746835443038 0.3924050632911392 0.4050632911392405 0.4177215189873418 0.43037974683544306 0.4430379746835443 0.45569620253164556 0.46835443037974683 0.4810126582278481 0.4936708860759494 0.5063291139240507 0.5189873417721519 0.5316455696202531 0.5443037974683544 0.5569620253164557 0.569620253164557 0.5822784810126582 0.5949367088607594 0.6075949367088608 0.620253164556962 0.6329113924050633 0.6455696202531646 0.6582278481012658 0.6708860759493671 0.6835443037974683 0.6962025316455697 0.7088607594936709 0.7215189873417721 0.7341772151898734 0.7468354430379747 0.759493670886076 0.7721518987341772 0.7848101265822784 0.7974683544303798 0.810126582278481 0.8227848101265823 0.8354430379746836 0.8481012658227848 0.8607594936708861 0.8734177215189873 0.8860759493670886 0.8987341772151899 0.9113924050632911 0.9240506329113924 0.9367088607594937 0.9493670886075949 0.9620253164556962 0.9746835443037974 0.9873417721518988 1.0

1646.633064516129 1645.1532258064517 1636.274193548387 1630.3548387096776 1624.4354838709678 1622.9556451612905 1619.9959677419356 1619.9959677419356 1624.4354838709678 1633.3145161290322 1646.633064516129 1671.7903225806451 1679.1895161290322 1688.0685483870968 1691.0282258064517 1692.508064516129 1692.508064516129 1682.149193548387 1671.7903225806451 1667.350806451613 1659.9516129032259
579.5172177419354 575.0777016129032 575.0777016129032 578.0373790322581 580.9970564516129 585.4365725806451 589.8760887096773 603.1946370967742 610.5938306451612 617.9930241935483 615.0333467741934 620.9527016129032 613.5535080645161 603.1946370967742 589.8760887096773 580.9970564516129 569.1583467741934 563.2389919354839 555.8397983870968 560.279314516129 563.2389919354839
0.0 0.05 0.1 0.15 0.2 0.25 0.3 0.35 0.4 0.45 0.5 0.55 0.6 0.65 0.7 0.75 0.8 0.85 0.9 0.95 1.0
0.0 0.012658227848101266 0.02531645569620253 0.0379746835443038 0.05063291139240506 0.06329113924050633 0.0759493670886076 0.08860759493670886 0.10126582278481013 0.11392405063291139 0.12658227848101267 0.13924050632911392 0.1518987341772152 0.16455696202531644 0.17721518987341772 0.189873417721519 0.20253164556962025 0.21518987341772153 0.22784810126582278 0.24050632911392406 0.25316455696202533 0.26582278481012656 0.27848101265822783 0.2911392405063291 0.3037974683544304 0.31645569620253167 0.3291139240506329 0.34177215189873417 0.35443037974683544 0.3670886075949367 0.379746835443038 0.3924050632911392 0.4050632911392405 0.4177215189873418 0.43037974683544306 0.4430379746835443 0.45569620253164556 0.46835443037974683 0.4810126582278481 0.4936708860759494 0.5063291139240507 0.5189873417721519 0.5316455696202531 0.5443037974683544 0.5569620253164557 0.569620253164557 0.5822784810126582 0.5949367088607594 0.6075949367088608 0.620253164556962 0.6329113924050633 0.6455696202531646 0.6582278481012658 0.6708860759493671 0.6835443037974683 0.6962025316455697 0.7088607594936709 0.7215189873417721 0.7341772151898734 0.7468354430379747 0.759493670886076 0.7721518987341772 0.7848101265822784 0.7974683544303798 0.810126582278481 0.8227848101265823 0.8354430379746836 0.8481012658227848 0.8607594936708861 0.8734177215189873 0.8860759493670886 0.8987341772151899 0.9113924050632911 0.9240506329113924 0.9367088607594937 0.9493670886075949 0.9620253164556962 0.9746835443037974 0.9873417721518988 1.0

1784.258064516129 1788.6975806451615 1791.657258064516 1796.0967741935485 1796.0967741935485 1799.0564516129034 1800.5362903225807 1800.5362903225807 1802.016129032258 1804.975806451613 1806.4556451612905 1813.8548387096776 1815.3346774193549 1821.2540322580646 1827.1733870967741 1831.6129032258066 1834.5725806451615 1849.3709677419356 1844.9314516129034 1843.4516129032259 1844.9314516129034 1849.3709677419356
570.638185483871 569.1583467741934 567.6785080645161 567.6785080645161 569.1583467741934 578.0373790322581 582.4768951612903 591.3559274193549 594.3156048387095 601.7147983870968 601.7147983870968 592.8357661290322 582.4768951612903 572.1180241935483 561.7591532258064 560.279314516129 560.279314516129 570.638185483871 585.4365725806451 592.8357661290322 594.3156048387095 597.2752822580644
0.0 0.047619047619047616 0.09523809523809523 0.14285714285714285 0.19047619047619047 0.23809523809523808 0.2857142857142857 0.3333333333333333 0.38095238095238093 0.42857142857142855 0.47619047619047616 0.5238095238095238 0.5714285714285714 0.6190476190476191 0.6666666666666666 0.7142857142857143 0.7619047619047619 0.8095238095238095 0.8571428571428571 0.9047619047619048 0.9523809523809523 1.0
0.0 0.012658227848101266 0.02531645569620253 0.0379746835443038 0.05063291139240506 0.06329113924050633 0.0759493670886076 0.08860759493670886 0.10126582278481013 0.11392405063291139 0.12658227848101267 0.13924050632911392 0.1518987341772152 0.16455696202531644 0.17721518987341772 0.189873417721519 0.20253164556962025 0.21518987341772153 0.22784810126582278 0.24050632911392406 0.25316455696202533 0.26582278481012656 0.27848101265822783 0.2911392405063291 0.3037974683544304 0.31645569620253167 0.3291139240506329 0.34177215189873417 0.35443037974683544 0.3670886075949367 0.379746835443038 0.3924050632911392 0.4050632911392405 0.4177215189873418 0.43037974683544306 0.4430379746835443 0.45569620253164556 0.46835443037974683 0.4810126582278481 0.4936708860759494 0.5063291139240507 0.5189873417721519 0.5316455696202531 0.5443037974683544 0.5569620253164557 0.569620253164557 0.5822784810126582 0.5949367088607594 0.6075949367088608 0.620253164556962 0.6329113924050633 0.6455696202531646 0.6582278481012658 0.6708860759493671 0.6835443037974683 0.6962025316455697 0.7088607594936709 0.7215189873417721 0.7341772151898734 0.7468354430379747 0.759493670886076 0.7721518987341772 0.7848101265822784 0.7974683544303798 0.810126582278481 0.8227848101265823 0.8354430379746836 0.8481012658227848 0.8607594936708861 0.8734177215189873 0.8860759493670886 0.8987341772151899 0.9113924050632911 0.9240506329113924 0.9367088607594937 0.9493670886075949 0.9620253164556962 0.9746835443037974 0.9873417721518988 1.0

1877.4879032258066 1881.9274193548388 1881.9274193548388 1876.008064516129 1868.608870967742 1867.1290322580646 1867.1290322580646 1883.407258064516 1895.2459677419356 1905.6048387096776 1905.6048387096776 1904.125 1904.125 1904.125 1913.0040322580646 1915.9637096774195 1924.842741935484 1930.7620967741937 1938.1612903225807 1942.600806451613 1951.4798387096776 1954.4395161290324 1955.9193548387098 1954.4395161290324 1952.9596774193549 1954.4395161290324 1954.4395161290324 1951.4798387096776 1947.0403225806454 1947.0403225806454 1947.0403225806454 1945.5604838709678 1945.5604838709678 1942.600806451613 1942.600806451613 1941.1209677419356 1941.1209677419356 1938.1612903225807
575.0777016129032 572.1180241935483 558.7994758064515 564.7188306451612 570.638185483871 588.39625 591.3559274193549 603.1946370967742 600.2349596774193 589.8760887096773 580.9970564516129 572.1180241935483 570.638185483871 573.5978629032259 585.4365725806451 588.39625 589.8760887096773 589.8760887096773 588.39625 582.4768951612903 573.5978629032259 572.1180241935483 569.1583467741934 578.0373790322581 589.8760887096773 595.7954435483871 600.2349596774193 615.0333467741934 626.8720564516129 631.3115725806451 640.1906048387095 647.5897983870968 654.9889919354839 665.3478629032259 674.2268951612903 686.0656048387096 690.5051209677418 712.7027016129032
0.0 0.02702702702702703 0.05405405405405406 0.08108108108108109 0.10810810810810811 0.13513513513513514 0.16216216216216217 0.1891891891891892 0.21621621621621623 0.24324324324324326 0.2702702702702703 0.2972972972972973 0.32432432432432434 0.35135135135135137 0.3783783783783784 0.40540540540540543 0.43243243243243246 0.4594594594594595 0.4864864864864865 0.5135135135135135 0.5405405405405406 0.5675675675675675 0.5945945945945946 0.6216216216216216 0.6486486486486487 0.6756756756756757 0.7027027027027027 0.7297297297297297 0.7567567567567568 0.7837837837837838 0.8108108108108109 0.8378378378378378 0.8648648648648649 0.8918918918918919 0.918918918918919 0.9459459459459459 0.972972972972973 1.0
0.0 0.012658227848101266 0.02531645569620253 0.0379746835443038 0.05063291139240506 0.06329113924050633 0.0759493670886076 0.08860759493670886 0.10126582278481013 0.11392405063291139 0.12658227848101267 0.13924050632911392 0.1518987341772152 0.16455696202531644 0.17721518987341772 0.189873417721519 0.20253164556962025 0.21518987341772153 0.22784810126582278 0.24050632911392406 0.25316455696202533 0.26582278481012656 0.27848101265822783 0.2911392405063291 0.3037974683544304 0.31645569620253167 0.3291139240506329 0.34177215189873417 0.35443037974683544 0.3670886075949367 0.379746835443038 0.3924050632911392 0.4050632911392405 0.4177215189873418 0.43037974683544306 0.4430379746835443 0.45569620253164556 0.46835443037974683 0.4810126582278481 0.4936708860759494 0.5063291139240507 0.5189873417721519 0.5316455696202531 0.5443037974683544 0.5569620253164557 0.569620253164557 0.5822784810126582 0.5949367088607594 0.6075949367088608 0.620253164556962 0.6329113924050633 0.6455696202531646 0.6582278481012658 0.6708860759493671 0.6835443037974683 0.6962025316455697 0.7088607594936709 0.7215189873417721 0.7341772151898734 0.7468354430379747 0.759493670886076 0.7721518987341772 0.7848101265822784 0.7974683544303798 0.810126582278481 0.8227848101265823 0.8354430379746836 0.8481012658227848 0.8607594936708861 0.8734177215189873 0.8860759493670886 0.8987341772151899 0.9113924050632911 0.9240506329113924 0.9367088607594937 0.9493670886075949 0.9620253164556962 0.9746835443037974 0.9873417721518988 1.0

1966.2782258064517 1972.1975806451615 1972.1975806451615 1978.116935483871
532.1623790322581 535.1220564516129 535.1220564516129 542.52125
0.0 0.3333333333333333 0.6666666666666666 1.0
0.0 0.012658227848101266 0.02531645569620253 0.0379746835443038 0.05063291139240506 0.06329113924050633 0.0759493670886076 0.08860759493670886 0.10126582278481013 0.11392405063291139 0.12658227848101267 0.13924050632911392 0.1518987341772152 0.16455696202531644 0.17721518987341772 0.189873417721519 0.20253164556962025 0.21518987341772153 0.22784810126582278 0.24050632911392406 0.25316455696202533 0.26582278481012656 0.27848101265822783 0.2911392405063291 0.3037974683544304 0.31645569620253167 0.3291139240506329 0.34177215189873417 0.35443037974683544 0.3670886075949367 0.379746835443038 0.3924050632911392 0.4050632911392405 0.4177215189873418 0.43037974683544306 0.4430379746835443 0.45569620253164556 0.46835443037974683 0.4810126582278481 0.4936708860759494 0.5063291139240507 0.5189873417721519 0.5316455696202531 0.5443037974683544 0.5569620253164557 0.569620253164557 0.5822784810126582 0.5949367088607594 0.6075949367088608 0.620253164556962 0.6329113924050633 0.6455696202531646 0.6582278481012658 0.6708860759493671 0.6835443037974683 0.6962025316455697 0.7088607594936709 0.7215189873417721 0.7341772151898734 0.7468354430379747 0.759493670886076 0.7721518987341772 0.7848101265822784 0.7974683544303798 0.810126582278481 0.8227848101265823 0.8354430379746836 0.8481012658227848 0.8607594936708861 0.8734177215189873 0.8860759493670886 0.8987341772151899 0.9113924050632911 0.9240506329113924 0.9367088607594937 0.9493670886075949 0.9620253164556962 0.9746835443037974 0.9873417721518988 1.0

2010.6733870967744 2006.233870967742 2004.7540322580646 2003.274193548387 2003.274193548387 1998.8346774193549 1998.8346774193549 1994.3951612903227 1995.875 1995.875 1997.3548387096776 2004.7540322580646 2010.6733870967744 2015.1129032258066 2019.5524193548388 2025.4717741935485 2032.8709677419356 2034.350806451613 2041.75 2044.7096774193549 2047.6693548387098 2049.1491935483873 2053.5887096774195 2053.5887096774195 2052.108870967742 2049.1491935483873 2044.7096774193549 2041.75 2038.7903225806454 2037.3104838709678 2037.3104838709678 2038.7903225806454 2040.2701612903227 2043.2298387096776 2050.6290322580644 2066.907258064516
520.3236693548386 524.763185483871 530.6825403225805 538.0817338709676 541.0414112903225 555.8397983870968 558.7994758064515 572.1180241935483 578.0373790322581 588.39625 598.755120967742 616.513185483871 619.4728629032259 619.4728629032259 617.9930241935483 615.0333467741934 613.5535080645161 612.0736693548386 607.6341532258064 600.2349596774193 595.7954435483871 594.3156048387095 585.4365725806451 580.9970564516129 575.0777016129032 567.6785080645161 563.2389919354839 564.7188306451612 567.6785080645161 575.0777016129032 585.4365725806451 592.8357661290322 604.6744758064515 612.0736693548386 616.513185483871 623.9123790322581
0.0 0.02857142857142857 0.05714285714285714 0.08571428571428572 0.11428571428571428 0.14285714285714285 0.17142857142857143 0.2 0.22857142857142856 0.2571428571428571 0.2857142857142857 0.3142857142857143 0.34285714285714286 0.37142857142857144 0.4 0.42857142857142855 0.45714285714285713 0.4857142857142857 0.5142857142857142 0.5428571428571428 0.5714285714285714 0.6 0.6285714285714286 0.6571428571428571 0.6857142857142857 0.7142857142857143 0.7428571428571429 0.7714285714285715 0.8 0.8285714285714286 0.8571428571428571 0.8857142857142857 0.9142857142857143 0.9428571428571428 0.9714285714285714 1.0
0.0 0.012658227848101266 0.02531645569620253 0.0379746835443038 0.05063291139240506 0.06329113924050633 0.0759493670886076 0.08860759493670886 0.10126582278481013 0.11392405063291139 0.12658227848101267 0.13924050632911392 0.1518987341772152 0.16455696202531644 0.17721518987341772 0.189873417721519 0.20253164556962025 0.21518987341772153 0.22784810126582278 0.24050632911392406 0.25316455696202533 0.26582278481012656 0.27848101265822783 0.2911392405063291 0.3037974683544304 0.31645569620253167 0.3291139240506329 0.34177215189873417 0.35443037974683544 0.3670886075949367 0.379746835443038 0.3924050632911392 0.4050632911392405 0.4177215189873418 0.43037974683544306 0.4430379746835443 0.45569620253164556 0.46835443037974683 0.4810126582278481 0.4936708860759494 0.5063291139240507 0.5189873417721519 0.5316455696202531 0.5443037974683544 0.5569620253164557 0.569620253164557 0.5822784810126582 0.5949367088607594 0.6075949367088608 0.620253164556962 0.6329113924050633 0.6455696202531646 0.6582278481012658 0.6708860759493671 0.6835443037974683 0.6962025316455697 0.7088607594936709 0.7215189873417721 0.7341772151898734 0.7468354430379747 0.759493670886076 0.7721518987341772 0.7848101265822784 0.7974683544303798 0.810126582278481 0.8227848101265823 0.8354430379746836 0.8481012658227848 0.8607594936708861 0.8734177215189873 0.8860759493670886 0.8987341772151899 0.9113924050632911 0.9240506329113924 0.9367088607594937 0.9493670886075949 0.9620253164556962 0.9746835443037974 0.9873417721518988 1.0

2108.342741935484 2106.862903225807 2102.4233870967746 2105.383064516129 2105.383064516129 2103.9032258064517 2102.4233870967746 2102.4233870967746 2102.4233870967746 2100.9435483870966 2095.0241935483873 2090.584677419355 2086.145161290323 2083.185483870968 2081.7056451612907 2080.2258064516127 2083.185483870968 2092.064516129032 2097.983870967742 2102.4233870967746 2111.302419354839 2114.2620967741937 2117.2217741935483 2120.1814516129034 2127.5806451612907 2129.060483870968 2132.020161290323 2134.9798387096776 2140.8991935483873 2145.3387096774195 2145.3387096774195 2145.3387096774195 2143.858870967742 2139.4193548387098 2127.5806451612907
573.5978629032259 575.0777016129032 597.2752822580644 607.6341532258064 622.4325403225805 634.27125 643.1502822580644 652.029314516129 663.8680241935483 671.2672177419355 674.2268951612903 678.6664112903226 678.6664112903226 672.7470564516128 666.8277016129032 653.5091532258064 646.1099596774193 634.27125 620.9527016129032 612.0736693548386 598.755120967742 595.7954435483871 585.4365725806451 579.5172177419354 570.638185483871 569.1583467741934 569.1583467741934 564.7188306451612 567.6785080645161 575.0777016129032 583.9567338709676 591.3559274193549 598.755120967742 603.1946370967742 609.1139919354839
0.0 0.029411764705882353 0.058823529411764705 0.08823529411764706 0.11764705882352941 0.14705882352941177 0.17647058823529413 0.20588235294117646 0.23529411764705882 0.2647058823529412 0.29411764705882354 0.3235294117647059 0.35294117647058826 0.38235294117647056 0.4117647058823529 0.4411764705882353 0.47058823529411764 0.5 0.5294117647058824 0.5588235294117647 0.5882352941176471 0.6176470588235294 0.6470588235294118 0.6764705882352942 0.7058823529411765 0.7352941176470589 0.7647058823529411 0.7941176470588235 0.8235294117647058 0.8529411764705882 0.8823529411764706 0.9117647058823529 0.9411764705882353 0.9705882352941176 1.0
0.0 0.012658227848101266 0.02531645569620253 0.0379746835443038 0.05063291139240506 0.06329113924050633 0.0759493670886076 0.08860759493670886 0.10126582278481013 0.11392405063291139 0.12658227848101267 0.13924050632911392 0.1518987341772152 0.16455696202531644 0.17721518987341772 0.189873417721519 0.20253164556962025 0.21518987341772153 0.22784810126582278 0.24050632911392406 0.25316455696202533 0.26582278481012656 0.27848101265822783 0.2911392405063291 0.3037974683544304 0.31645569620253167 0.3291139240506329 0.34177215189873417 0.35443037974683544 0.3670886075949367 0.379746835443038 0.3924050632911392 0.4050632911392405 0.4177215189873418 0.43037974683544306 0.4430379746835443 0.45569620253164556 0.46835443037974683 0.4810126582278481 0.4936708860759494 0.5063291139240507 0.5189873417721519 0.5316455696202531 0.5443037974683544 0.5569620253164557 0.569620253164557 0.5822784810126582 0.5949367088607594 0.6075949367088608 0.620253164556962 0.6329113924050633 0.6455696202531646 0.6582278481012658 0.6708860759493671 0.6835443037974683 0.6962025316455697 0.7088607594936709 0.7215189873417721 0.7341772151898734 0.7468354430379747 0.759493670886076 0.7721518987341772 0.7848101265822784 0.7974683544303798 0.810126582278481 0.8227848101265823 0.8354430379746836 0.8481012658227848 0.8607594936708861 0.8734177215189873 0.8860759493670886 0.8987341772151899 0.9113924050632911 0.9240506329113924 0.9367088607594937 0.9493670886075949 0.9620253164556962 0.9746835443037974 0.9873417721518988 1.0

2163.0967741935483 2166.0564516129034 2170.4959677419356 2171.9758064516127 2173.4556451612907 2174.935483870968 2174.935483870968 2174.935483870968 2177.895161290323 2182.334677419355 2189.7338709677424 2197.133064516129 2200.092741935484 2208.9717741935483 2216.3709677419356 2222.290322580645 2228.209677419355 2232.6491935483873 2237.0887096774195 2243.008064516129 2240.0483870967746 2229.689516129032 2229.689516129032 2225.25 2222.290322580645 2223.770161290323 2225.25 2232.6491935483873 2240.0483870967746 2248.927419354839 2250.407258064516 2262.2459677419356 2263.7258064516127 2269.645161290323 2271.125 2277.04435483871 2277.04435483871 2278.5241935483873 2284.4435483870966 2288.883064516129 2299.241935483871 2303.6814516129034 2317.0 2318.479838709677 2319.959677419355 2324.3991935483873 2327.3588709677424 2328.8387096774195 2327.3588709677424 2325.8790322580644 2328.8387096774195 2328.8387096774195 2324.3991935483873 2325.8790322580644 2325.8790322580644 2322.91935483871 2325.8790322580644 2327.3588709677424 2324.3991935483873 2324.3991935483873 2324.3991935483873 2324.3991935483873
558.7994758064515 567.6785080645161 583.9567338709676 585.4365725806451 591.3559274193549 601.7147983870968 580.9970564516129 575.0777016129032 563.2389919354839 552.880120967742 554.3599596774193 557.3196370967742 560.279314516129 560.279314516129 561.7591532258064 564.7188306451612 564.7188306451612 567.6785080645161 566.1986693548386 569.1583467741934 575.0777016129032 579.5172177419354 579.5172177419354 589.8760887096773 595.7954435483871 604.6744758064515 612.0736693548386 613.5535080645161 612.0736693548386 606.154314516129 604.6744758064515 600.2349596774193 597.2752822580644 576.5575403225805 570.638185483871 560.279314516129 564.7188306451612 570.638185483871 578.0373790322581 578.0373790322581 575.0777016129032 572.1180241935483 557.3196370967742 555.8397983870968 549.9204435483871 576.5575403225805 588.39625 600.2349596774193 610.5938306451612 617.9930241935483 637.2309274193549 644.630120967742 654.9889919354839 668.3075403225805 683.1059274193548 689.0252822580645 703.8236693548387 711.2228629032257 727.5010887096773 734.9002822580645 751.1785080645161 774.8559274193548
0.0 0.01639344262295082 0.03278688524590164 0.04918032786885246 0.06557377049180328 0.08196721311475409 0.09836065573770492 0.11475409836065574 0.13114754098360656 0.14754098360655737 0.16393442622950818 0.18032786885245902 0.19672131147540983 0.21311475409836064 0.22950819672131148 0.2459016393442623 0.26229508196721313 0.2786885245901639 0.29508196721311475 0.3114754098360656 0.32786885245901637 0.3442622950819672 0.36065573770491804 0.3770491803278688 0.39344262295081966 0.4098360655737705 0.4262295081967213 0.4426229508196721 0.45901639344262296 0.47540983606557374 0.4918032786885246 0.5081967213114754 0.5245901639344263 0.5409836065573771 0.5573770491803278 0.5737704918032787 0.5901639344262295 0.6065573770491803 0.6229508196721312 0.639344262295082 0.6557377049180327 0.6721311475409836 0.6885245901639344 0.7049180327868853 0.7213114754098361 0.7377049180327869 0.7540983606557377 0.7704918032786885 0.7868852459016393 0.8032786885245902 0.819672131147541 0.8360655737704918 0.8524590163934426 0.8688524590163934 0.8852459016393442 0.9016393442622951 0.9180327868852459 0.9344262295081968 0.9508196721311475 0.9672131147540983 0.9836065573770492 1.0
0.0 0.012658227848101266 0.02531645569620253 0.0379746835443038 0.05063291139240506 0.06329113924050633 0.0759493670886076 0.08860759493670886 0.10126582278481013 0.11392405063291139 0.12658227848101267 0.13924050632911392 0.1518987341772152 0.16455696202531644 0.17721518987341772 0.189873417721519 0.20253164556962025 0.21518987341772153 0.22784810126582278 0.24050632911392406 0.25316455696202533 0.26582278481012656 0.27848101265822783 0.2911392405063291 0.3037974683544304 0.31645569620253167 0.3291139240506329 0.34177215189873417 0.35443037974683544 0.3670886075949367 0.379746835443038 0.3924050632911392 0.4050632911392405 0.4177215189873418 0.43037974683544306 0.4430379746835443 0.45569620253164556 0.46835443037974683 0.4810126582278481 0.4936708860759494 0.5063291139240507 0.5189873417721519 0.5316455696202531 0.5443037974683544 0.5569620253164557 0.569620253164557 0.5822784810126582 0.5949367088607594 0.6075949367088608 0.620253164556962 0.6329113924050633 0.6455696202531646 0.6582278481012658 0.6708860759493671 0.6835443037974683 0.6962025316455697 0.7088607594936709 0.7215189873417721 0.7341772151898734 0.7468354430379747 0.759493670886076 0.7721518987341772 0.7848101265822784 0.7974683544303798 0.810126582278481 0.8227848101265823 0.8354430379746836 0.8481012658227848 0.8607594936708861 0.8734177215189873 0.8860759493670886 0.8987341772151899 0.9113924050632911 0.9240506329113924 0.9367088607594937 0.9493670886075949 0.9620253164556962 0.9746835443037974 0.9873417721518988 1.0

523.4354838709677 524.9153225806451 524.9153225806451 524.9153225806451 526.3951612903226 529.3548387096773 527.875
903.6018951612903 912.4809274193548 913.9607661290322 918.4002822580645 924.3196370967742 927.279314516129 937.638185483871
0.0 0.16666666666666666 0.3333333333333333 0.5 0.6666666666666666 0.8333333333333334 1.0
0.0 0.012658227848101266 0.02531645569620253 0.0379746835443038 0.05063291139240506 0.06329113924050633 0.0759493670886076 0.08860759493670886 0.10126582278481013 0.11392405063291139 0.12658227848101267 0.13924050632911392 0.1518987341772152 0.16455696202531644 0.17721518987341772 0.189873417721519 0.20253164556962025 0.21518987341772153 0.22784810126582278 0.24050632911392406 0.25316455696202533 0.26582278481012656 0.27848101265822783 0.2911392405063291 0.3037974683544304 0.31645569620253167 0.3291139240506329 0.34177215189873417 0.35443037974683544 0.3670886075949367 0.379746835443038 0.3924050632911392 0.4050632911392405 0.4177215189873418 0.43037974683544306 0.4430379746835443 0.45569620253164556 0.46835443037974683 0.4810126582278481 0.4936708860759494 0.5063291139240507 0.5189873417721519 0.5316455696202531 0.5443037974683544 0.5569620253164557 0.569620253164557 0.5822784810126582 0.5949367088607594 0.6075949367088608 0.620253164556962 0.6329113924050633 0.6455696202531646 0.6582278481012658 0.6708860759493671 0.6835443037974683 0.6962025316455697 0.7088607594936709 0.7215189873417721 0.7341772151898734 0.7468354430379747 0.759493670886076 0.7721518987341772 0.7848101265822784 0.7974683544303798 0.810126582278481 0.8227848101265823 0.8354430379746836 0.8481012658227848 0.8607594936708861 0.8734177215189873 0.8860759493670886 0.8987341772151899 0.9113924050632911 0.9240506329113924 0.9367088607594937 0.9493670886075949 0.9620253164556962 0.9746835443037974 0.9873417721518988 1.0

498.2782258064516 498.2782258064516 501.2379032258064 505.67741935483866 507.1572580645161 507.1572580645161 507.1572580645161 507.1572580645161 505.67741935483866 505.67741935483866 508.6370967741935 513.0766129032257 508.6370967741935 507.1572580645161 507.1572580645161 505.67741935483866 511.59677419354836 511.59677419354836 511.59677419354836 508.6370967741935
973.154314516129 974.6341532258065 983.513185483871 998.3115725806451 1005.7107661290322 1008.6704435483871 1019.029314516129 1026.428508064516 1033.8277016129032 1038.2672177419354 1050.1059274193549 1057.505120967742 1070.8236693548388 1081.1825403225807 1087.1018951612905 1095.9809274193549 1121.138185483871 1124.0978629032259 1135.9365725806451 1140.3760887096773
0.0 0.05263157894736842 0.10526315789473684 0.15789473684210525 0.21052631578947367 0.2631578947368421 0.3157894736842105 0.3684210526315789 0.42105263157894735 0.47368421052631576 0.5263157894736842 0.5789473684210527 0.631578947368421 0.6842105263157895 0.7368421052631579 0.7894736842105263 0.8421052631578947 0.8947368421052632 0.9473684210526315 1.0
0.0 0.012658227848101266 0.02531645569620253 0.0379746835443038 0.05063291139240506 0.06329113924050633 0.0759493670886076 0.08860759493670886 0.10126582278481013 0.11392405063291139 0.12658227848101267 0.13924050632911392 0.1518987341772152 0.16455696202531644 0.17721518987341772 0.189873417721519 0.20253164556962025 0.21518987341772153 0.22784810126582278 0.24050632911392406 0.25316455696202533 0.26582278481012656 0.27848101265822783 0.2911392405063291 0.3037974683544304 0.31645569620253167 0.3291139240506329 0.34177215189873417 0.35443037974683544 0.3670886075949367 0.379746835443038 0.3924050632911392 0.4050632911392405 0.4177215189873418 0.43037974683544306 0.4430379746835443 0.45569620253164556 0.46835443037974683 0.4810126582278481 0.4936708860759494 0.5063291139240507 0.5189873417721519 0.5316455696202531 0.5443037974683544 0.5569620253164557 0.569620253164557 0.5822784810126582 0.5949367088607594 0.6075949367088608 0.620253164556962 0.6329113924050633 0.6455696202531646 0.6582278481012658 0.6708860759493671 0.6835443037974683 0.6962025316455697 0.7088607594936709 0.7215189873417721 0.7341772151898734 0.7468354430379747 0.759493670886076 0.7721518987341772 0.7848101265822784 0.7974683544303798 0.810126582278481 0.8227848101265823 0.8354430379746836 0.8481012658227848 0.8607594936708861 0.8734177215189873 0.8860759493670886 0.8987341772151899 0.9113924050632911 0.9240506329113924 0.9367088607594937 0.9493670886075949 0.9620253164556962 0.9746835443037974 0.9873417721518988 1.0

547.1129032258063 547.1129032258063 554.5120967741934 561.9112903225806 563.391129032258 570.7903225806451 573.75 579.6693548387096 579.6693548387096 576.7096774193549 572.2701612903226 567.8306451612902 563.391129032258 557.4717741935483 553.0322580645161 547.1129032258063 547.1129032258063 547.1129032258063 551.5524193548387 557.4717741935483 564.8709677419354 570.7903225806451 576.7096774193549 582.6290322580644 585.5887096774193 582.6290322580644 579.6693548387096 579.6693548387096 584.108870967742 585.5887096774193 592.9879032258063
1005.7107661290322 1005.7107661290322 1007.1906048387096 1008.6704435483871 1008.6704435483871 1002.7510887096774 1002.7510887096774 995.3518951612903 990.9123790322581 980.5535080645161 977.5938306451612 977.5938306451612 979.0736693548387 980.5535080645161 984.9930241935484 990.9123790322581 996.8317338709677 1002.7510887096774 1013.1099596774194 1019.029314516129 1023.4688306451612 1024.9486693548388 1026.428508064516 1029.388185483871 1029.388185483871 1033.8277016129032 1039.747056451613 1042.7067338709676 1054.545443548387 1054.545443548387 1054.545443548387
0.0 0.03333333333333333 0.06666666666666667 0.1 0.13333333333333333 0.16666666666666666 0.2 0.23333333333333334 0.26666666666666666 0.3 0.3333333333333333 0.36666666666666664 0.4 0.43333333333333335 0.4666666666666667 0.5 0.5333333333333333 0.5666666666666667 0.6 0.6333333333333333 0.6666666666666666 0.7 0.7333333333333333 0.7666666666666667 0.8 0.8333333333333334 0.8666666666666667 0.9 0.9333333333333333 0.9666666666666667 1.0
0.0 0.012658227848101266 0.02531645569620253 0.0379746835443038 0.05063291139240506 0.06329113924050633 0.0759493670886076 0.08860759493670886 0.10126582278481013 0.11392405063291139 0.12658227848101267 0.13924050632911392 0.1518987341772152 0.16455696202531644 0.17721518987341772 0.189873417721519 0.20253164556962025 0.21518987341772153 0.22784810126582278 0.24050632911392406 0.25316455696202533 0.26582278481012656 0.27848101265822783 0.2911392405063291 0.3037974683544304 0.31645569620253167 0.3291139240506329 0.34177215189873417 0.35443037974683544 0.3670886075949367 0.379746835443038 0.3924050632911392 0.4050632911392405 0.4177215189873418 0.43037974683544306 0.4430379746835443 0.45569620253164556 0.46835443037974683 0.4810126582278481 0.4936708860759494 0.5063291139240507 0.5189873417721519 0.5316455696202531 0.5443037974683544 0.5569620253164557 0.569620253164557 0.5822784810126582 0.5949367088607594 0.6075949367088608 0.620253164556962 0.6329113924050633 0.6455696202531646 0.6582278481012658 0.6708860759493671 0.6835443037974683 0.6962025316455697 0.7088607594936709 0.7215189873417721 0.7341772151898734 0.7468354430379747 0.759493670886076 0.7721518987341772 0.7848101265822784 0.7974683544303798 0.810126582278481 0.8227848101265823 0.8354430379746836 0.8481012658227848 0.8607594936708861 0.8734177215189873 0.8860759493670886 0.8987341772151899 0.9113924050632911 0.9240506329113924 0.9367088607594937 0.9493670886075949 0.9620253164556962 0.9746835443037974 0.9873417721518988 1.0

607.7862903225806 610.7459677419354 618.1451612903226 627.0241935483871 632.9435483870967 637.383064516129 644.7822580645161 647.741935483871 646.2620967741935 646.2620967741935 641.8225806451612 638.8629032258065 643.3024193548387 647.741935483871 655.141129032258 658.1008064516129 665.5 668.4596774193548 675.858870967742 687.6975806451612 686.2177419354838 689.1774193548387 684.7379032258065 681.7782258064516 680.2983870967741 681.7782258064516 687.6975806451612 693.616935483871 699.5362903225806 718.7741935483871 718.7741935483871 732.0927419354838 729.133064516129 727.6532258064516 724.6935483870967 723.2137096774193 723.2137096774193 718.7741935483871 721.733870967742 723.2137096774193 723.2137096774193 724.6935483870967 724.6935483870967 727.6532258064516 729.133064516129 729.133064516129 727.6532258064516 726.1733870967741 724.6935483870967
974.6341532258065 974.6341532258065 977.5938306451612 982.0333467741935 984.9930241935484 984.9930241935484 987.9527016129032 990.9123790322581 995.3518951612903 999.7914112903226 1016.0696370967742 1024.9486693548388 1032.3478629032256 1038.2672177419354 1035.3075403225807 1032.3478629032256 1027.9083467741934 1020.5091532258065 1016.0696370967742 1007.1906048387096 1002.7510887096774 992.3922177419355 987.9527016129032 984.9930241935484 990.9123790322581 995.3518951612903 1001.27125 1007.1906048387096 1007.1906048387096 999.7914112903226 999.7914112903226 992.3922177419355 984.9930241935484 982.0333467741935 989.4325403225806 999.7914112903226 1005.7107661290322 1019.029314516129 1027.9083467741934 1039.747056451613 1045.6664112903227 1054.545443548387 1072.303508064516 1081.1825403225807 1100.420443548387 1100.420443548387 1107.8196370967742 1110.779314516129 1110.779314516129
0.0 0.020833333333333332 0.041666666666666664 0.0625 0.08333333333333333 0.10416666666666667 0.125 0.14583333333333334 0.16666666666666666 0.1875 0.20833333333333334 0.22916666666666666 0.25 0.2708333333333333 0.2916666666666667 0.3125 0.3333333333333333 0.3541666666666667 0.375 0.3958333333333333 0.4166666666666667 0.4375 0.4583333333333333 0.4791666666666667 0.5 0.5208333333333334 0.5416666666666666 0.5625 0.5833333333333334 0.6041666666666666 0.625 0.6458333333333334 0.6666666666666666 0.6875 0.7083333333333334 0.7291666666666666 0.75 0.7708333333333334 0.7916666666666666 0.8125 0.8333333333333334 0.8541666666666666 0.875 0.8958333333333334 0.9166666666666666 0.9375 0.9583333333333334 0.9791666666666666 1.0
0.0 0.012658227848101266 0.02531645569620253 0.0379746835443038 0.05063291139240506 0.06329113924050633 0.0759493670886076 0.08860759493670886 0.10126582278481013 0.11392405063291139 0.12658227848101267 0.13924050632911392 0.1518987341772152 0.16455696202531644 0.17721518987341772 0.189873417721519 0.20253164556962025 0.21518987341772153 0.22784810126582278 0.24050632911392406 0.25316455696202533 0.26582278481012656 0.27848101265822783 0.2911392405063291 0.3037974683544304 0.31645569620253167 0.3291139240506329 0.34177215189873417 0.35443037974683544 0.3670886075949367 0.379746835443038 0.3924050632911392 0.4050632911392405 0.4177215189873418 0.43037974683544306 0.4430379746835443 0.45569620253164556 0.46835443037974683 0.4810126582278481 0.4936708860759494 0.5063291139240507 0.5189873417721519 0.5316455696202531 0.5443037974683544 0.5569620253164557 0.569620253164557 0.5822784810126582 0.5949367088607594 0.6075949367088608 0.620253164556962 0.6329113924050633 0.6455696202531646 0.6582278481012658 0.6708860759493671 0.6835443037974683 0.6962025316455697 0.7088607594936709 0.7215189873417721 0.7341772151898734 0.7468354430379747 0.759493670886076 0.7721518987341772 0.7848101265822784 0.7974683544303798 0.810126582278481 0.8227848101265823 0.8354430379746836 0.8481012658227848 0.8607594936708861 0.8734177215189873 0.8860759493670886 0.8987341772151899 0.9113924050632911 0.9240506329113924 0.9367088607594937 0.9493670886075949 0.9620253164556962 0.9746835443037974 0.9873417721518988 1.0

751.3306451612902 751.3306451612902 751.3306451612902 749.8508064516129 749.8508064516129 751.3306451612902 752.8104838709677 752.8104838709677 757.25 758.7298387096774 764.6491935483871 767.608870967742 769.0887096774193 777.9677419354839 779.4475806451612 782.4072580645161 785.366935483871 789.8064516129032 786.8467741935484 783.8870967741935 783.8870967741935 789.8064516129032 794.2459677419355 803.125 813.483870967742 813.483870967742
927.279314516129 925.7994758064516 936.1583467741935 937.638185483871 958.3559274193548 961.3156048387096 967.2349596774193 984.9930241935484 993.8720564516129 1002.7510887096774 1016.0696370967742 1014.5897983870967 1002.7510887096774 992.3922177419355 983.513185483871 979.0736693548387 971.6744758064516 962.7954435483871 961.3156048387096 964.2752822580645 974.6341532258065 983.513185483871 993.8720564516129 999.7914112903226 1005.7107661290322 1007.1906048387096
0.0 0.04 0.08 0.12 0.16 0.2 0.24 0.28 0.32 0.36 0.4 0.44 0.48 0.52 0.56 0.6 0.64 0.68 0.72 0.76 0.8 0.84 0.88 0.92 0.96 1.0
0.0 0.012658227848101266 0.02531645569620253 0.0379746835443038 0.05063291139240506 0.06329113924050633 0.0759493670886076 0.08860759493670886 0.10126582278481013 0.11392405063291139 0.12658227848101267 0.13924050632911392 0.1518987341772152 0.16455696202531644 0.17721518987341772 0.189873417721519 0.20253164556962025 0.21518987341772153 0.22784810126582278 0.24050632911392406 0.25316455696202533 0.26582278481012656 0.27848101265822783 0.2911392405063291 0.3037974683544304 0.31645569620253167 0.3291139240506329 0.34177215189873417 0.35443037974683544 0.3670886075949367 0.379746835443038 0.3924050632911392 0.4050632911392405 0.4177215189873418 0.43037974683544306 0.4430379746835443 0.45569620253164556 0.46835443037974683 0.4810126582278481 0.4936708860759494 0.5063291139240507 0.5189873417721519 0.5316455696202531 0.5443037974683544 0.5569620253164557 0.569620253164557 0.5822784810126582 0.5949367088607594 0.6075949367088608 0.620253164556962 0.6329113924050633 0.6455696202531646 0.6582278481012658 0.6708860759493671 0.6835443037974683 0.6962025316455697 0.7088607594936709 0.7215189873417721 0.7341772151898734 0.7468354430379747 0.759493670886076 0.7721518987341772 0.7848101265822784 0.7974683544303798 0.810126582278481 0.8227848101265823 0.8354430379746836 0.8481012658227848 0.8607594936708861 0.8734177215189873 0.8860759493670886 0.8987341772151899 0.9113924050632911 0.9240506329113924 0.9367088607594937 0.9493670886075949 0.9620253164556962 0.9746835443037974 0.9873417721518988 1.0

1039.899193548387 1039.899193548387 1039.899193548387 1039.899193548387 1044.3387096774195 1044.3387096774195 1044.3387096774195 1044.3387096774195 1050.258064516129 1050.258064516129 1051.7379032258063 1053.217741935484 1053.217741935484 1054.6975806451615 1054.6975806451615 1056.1774193548385 1056.1774193548385 1054.6975806451615 1057.657258064516 1057.657258064516 1053.217741935484 1048.7782258064517 1044.3387096774195 1039.899193548387 1038.4193548387098 1038.4193548387098 1042.858870967742 1039.899193548387 1041.3790322580644 1042.858870967742 1044.3387096774195 1050.258064516129 1053.217741935484 1060.616935483871 1060.616935483871 1066.5362903225805 1070.975806451613 1079.8548387096776 1084.2943548387098 1090.2137096774195 1096.133064516129 1106.491935483871 1107.9717741935483 1107.9717741935483 1102.0524193548385 1102.0524193548385 1105.0120967741937 1109.4516129032259 1110.9314516129032 1112.4112903225805 1122.7701612903224 1130.1693548387098 1133.1290322580644 1137.5685483870968 1139.0483870967741 1140.5282258064517 1140.5282258064517 1140.5282258064517 1140.5282258064517 1139.0483870967741 1142.008064516129 1146.4475806451615 1150.8870967741937 1158.2862903225807 1156.8064516129032 1170.125
974.6341532258065 974.6341532258065 961.3156048387096 961.3156048387096 961.3156048387096 965.755120967742 979.0736693548387 987.9527016129032 995.3518951612903 999.7914112903226 1007.1906048387096 1021.9889919354839 1026.428508064516 1039.747056451613 1042.7067338709676 1056.0252822580646 1063.4244758064515 1073.7833467741934 1093.02125 1100.420443548387 1100.420443548387 1095.9809274193549 1082.662379032258 1067.863991935484 1056.0252822580646 1050.1059274193549 1033.8277016129032 1029.388185483871 1016.0696370967742 1013.1099596774194 1008.6704435483871 1001.27125 998.3115725806451 983.513185483871 983.513185483871 970.1946370967742 968.7147983870967 961.3156048387096 961.3156048387096 965.755120967742 967.2349596774193 982.0333467741935 989.4325403225806 993.8720564516129 1005.7107661290322 1010.1502822580645 1001.27125 990.9123790322581 983.513185483871 982.0333467741935 974.6341532258065 968.7147983870967 965.755120967742 965.755120967742 970.1946370967742 979.0736693548387 984.9930241935484 996.8317338709677 1001.27125 1010.1502822580645 1002.7510887096774 990.9123790322581 986.4728629032257 974.6341532258065 973.154314516129 967.2349596774193
0.0 0.015384615384615385 0.03076923076923077 0.046153846153846156 0.06153846153846154 0.07692307692307693 0.09230769230769231 0.1076923076923077 0.12307692307692308 0.13846153846153847 0.15384615384615385 0.16923076923076924 0.18461538461538463 0.2 0.2153846153846154 0.23076923076923078 0.24615384615384617 0.26153846153846155 0.27692307692307694 0.2923076923076923 0.3076923076923077 0.3230769230769231 0.3384615384615385 0.35384615384615387 0.36923076923076925 0.38461538461538464 0.4 0.4153846153846154 0.4307692307692308 0.4461538461538462 0.46153846153846156 0.47692307692307695 0.49230769230769234 0.5076923076923077 0.5230769230769231 0.5384615384615384 0.5538461538461539 0.5692307692307692 0.5846153846153846 0.6 0.6153846153846154 0.6307692307692307 0.6461538461538462 0.6615384615384615 0.676923076923077 0.6923076923076923 0.7076923076923077 0.7230769230769231 0.7384615384615385 0.7538461538461538 0.7692307692307693 0.7846153846153846 0.8 0.8153846153846154 0.8307692307692308 0.8461538461538461 0.8615384615384616 0.8769230769230769 0.8923076923076924 0.9076923076923077 0.9230769230769231 0.9384615384615385 0.9538461538461539 0.9692307692307692 0.9846153846153847 1.0
0.0 0.012658227848101266 0.02531645569620253 0.0379746835443038 0.05063291139240506 0.06329113924050633 0.0759493670886076 0.08860759493670886 0.10126582278481013 0.11392405063291139 0.12658227848101267 0.13924050632911392 0.1518987341772152 0.16455696202531644 0.17721518987341772 0.189873417721519 0.20253164556962025 0.21518987341772153 0.22784810126582278 0.24050632911392406 0.25316455696202533 0.26582278481012656 0.27848101265822783 0.2911392405063291 0.3037974683544304 0.31645569620253167 0.3291139240506329 0.34177215189873417 0.35443037974683544 0.3670886075949367 0.379746835443038 0.3924050632911392 0.4050632911392405 0.4177215189873418 0.43037974683544306 0.4430379746835443 0.45569620253164556 0.46835443037974683 0.4810126582278481 0.4936708860759494 0.5063291139240507 0.5189873417721519 0.5316455696202531 0.5443037974683544 0.5569620253164557 0.569620253164557 0.5822784810126582 0.5949367088607594 0.6075949367088608 0.620253164556962 0.6329113924050633 0.6455696202531646 0.6582278481012658 0.6708860759493671 0.6835443037974683 0.6962025316455697 0.7088607594936709 0.7215189873417721 0.7341772151898734 0.7468354430379747 0.759493670886076 0.7721518987341772 0.7848101265822784 0.7974683544303798 0.810126582278481 0.8227848101265823 0.8354430379746836 0.8481012658227848 0.8607594936708861 0.8734177215189873 0.8860759493670886 0.8987341772151899 0.9113924050632911 0.9240506329113924 0.9367088607594937 0.9493670886075949 0.9620253164556962 0.9746835443037974 0.9873417721518988 1.0

1213.0403225806451 1210.0806451612902 1204.1612903225807 1201.2016129032259 1198.241935483871 1195.282258064516 1195.282258064516 1192.3225806451612 1193.8024193548388 1199.7217741935483 1204.1612903225807 1217.4798387096773 1224.8790322580646 1236.717741935484 1241.157258064516 1241.157258064516 1236.717741935484 1232.2782258064517 1227.8387096774193 1223.399193548387 1220.4395161290322 1217.4798387096773 1213.0403225806451
965.755120967742 964.2752822580645 959.8357661290322 961.3156048387096 967.2349596774193 971.6744758064516 977.5938306451612 987.9527016129032 999.7914112903226 1004.2309274193548 1004.2309274193548 1001.27125 1001.27125 990.9123790322581 987.9527016129032 977.5938306451612 965.755120967742 959.8357661290322 956.8760887096774 955.39625 956.8760887096774 956.8760887096774 965.755120967742
0.0 0.045454545454545456 0.09090909090909091 0.13636363636363635 0.18181818181818182 0.22727272727272727 0.2727272727272727 0.3181818181818182 0.36363636363636365 0.4090909090909091 0.45454545454545453 0.5 0.5454545454545454 0.5909090909090909 0.6363636363636364 0.6818181818181818 0.7272727272727273 0.7727272727272727 0.8181818181818182 0.8636363636363636 0.9090909090909091 0.9545454545454546 1.0
0.0 0.012658227848101266 0.02531645569620253 0.0379746835443038 0.05063291139240506 0.06329113924050633 0.0759493670886076 0.08860759493670886 0.10126582278481013 0.11392405063291139 0.12658227848101267 0.13924050632911392 0.1518987341772152 0.16455696202531644 0.17721518987341772 0.189873417721519 0.20253164556962025 0.21518987341772153 0.22784810126582278 0.24050632911392406 0.25316455696202533 0.26582278481012656 0.27848101265822783 0.2911392405063291 0.3037974683544304 0.31645569620253167 0.3291139240506329 0.34177215189873417 0.35443037974683544 0.3670886075949367 0.379746835443038 0.3924050632911392 0.4050632911392405 0.4177215189873418 0.43037974683544306 0.4430379746835443 0.45569620253164556 0.46835443037974683 0.4810126582278481 0.4936708860759494 0.5063291139240507 0.5189873417721519 0.5316455696202531 0.5443037974683544 0.5569620253164557 0.569620253164557 0.5822784810126582 0.5949367088607594 0.6075949367088608 0.620253164556962 0.6329113924050633 0.6455696202531646 0.6582278481012658 0.6708860759493671 0.6835443037974683 0.6962025316455697 0.7088607594936709 0.7215189873417721 0.7341772151898734 0.7468354430379747 0.759493670886076 0.7721518987341772 0.7848101265822784 0.7974683544303798 0.810126582278481 0.8227848101265823 0.8354430379746836 0.8481012658227848 0.8607594936708861 0.8734177215189873 0.8860759493670886 0.8987341772151899 0.9113924050632911 0.9240506329113924 0.9367088607594937 0.9493670886075949 0.9620253164556962 0.9746835443037974 0.9873417721518988 1.0

1278.1532258064517 1272.233870967742 1269.274193548387 1257.4354838709678 1255.9556451612902 1254.475806451613 1254.475806451613 1254.475806451613 1269.274193548387 1278.1532258064517 1285.5524193548388 1295.9112903225807 1304.7903225806451 1304.7903225806451 1306.2701612903227 1303.3104838709678 1295.9112903225807 1297.391129032258 1298.8709677419356 1298.8709677419356 1298.8709677419356 1301.8306451612902 1301.8306451612902 1300.350806451613 1306.2701612903227 1306.2701612903227 1313.6693548387098 1319.5887096774193 1322.5483870967741 1326.9879032258066 1338.8266129032259 1340.3064516129032 1350.6653225806451 1356.5846774193549 1366.9435483870968 1366.9435483870968 1366.9435483870968 1363.983870967742 1362.5040322580646 1369.9032258064517 1380.2620967741937 1387.6612903225807 1390.6209677419356 1393.5806451612902 1393.5806451612902 1396.5403225806451 1399.5 1405.4193548387098
959.8357661290322 955.39625 953.9164112903226 956.8760887096774 961.3156048387096 967.2349596774193 982.0333467741935 987.9527016129032 998.3115725806451 999.7914112903226 995.3518951612903 987.9527016129032 967.2349596774193 958.3559274193548 947.9970564516129 952.4365725806451 973.154314516129 982.0333467741935 992.3922177419355 1004.2309274193548 1023.4688306451612 1035.3075403225807 1048.6260887096773 1064.904314516129 1087.1018951612905 1090.0615725806451 1073.7833467741934 1057.505120967742 1045.6664112903227 1035.3075403225807 1007.1906048387096 993.8720564516129 982.0333467741935 965.755120967742 958.3559274193548 970.1946370967742 979.0736693548387 990.9123790322581 1002.7510887096774 989.4325403225806 980.5535080645161 964.2752822580645 961.3156048387096 950.9567338709677 949.4768951612903 949.4768951612903 950.9567338709677 958.3559274193548
0.0 0.02127659574468085 0.0425531914893617 0.06382978723404255 0.0851063829787234 0.10638297872340426 0.1276595744680851 0.14893617021276595 0.1702127659574468 0.19148936170212766 0.2127659574468085 0.23404255319148937 0.2553191489361702 0.2765957446808511 0.2978723404255319 0.3191489361702128 0.3404255319148936 0.3617021276595745 0.3829787234042553 0.40425531914893614 0.425531914893617 0.44680851063829785 0.46808510638297873 0.48936170212765956 0.5106382978723404 0.5319148936170213 0.5531914893617021 0.574468085106383 0.5957446808510638 0.6170212765957447 0.6382978723404256 0.6595744680851063 0.6808510638297872 0.7021276595744681 0.723404255319149 0.7446808510638298 0.7659574468085106 0.7872340425531915 0.8085106382978723 0.8297872340425532 0.851063829787234 0.8723404255319149 0.8936170212765957 0.9148936170212766 0.9361702127659575 0.9574468085106383 0.9787234042553191 1.0
0.0 0.012658227848101266 0.02531645569620253 0.0379746835443038 0.05063291139240506 0.06329113924050633 0.0759493670886076 0.08860759493670886 0.10126582278481013 0.11392405063291139 0.12658227848101267 0.13924050632911392 0.1518987341772152 0.16455696202531644 0.17721518987341772 0.189873417721519 0.20253164556962025 0.21518987341772153 0.22784810126582278 0.24050632911392406 0.25316455696202533 0.26582278481012656 0.27848101265822783 0.2911392405063291 0.3037974683544304 0.31645569620253167 0.3291139240506329 0.34177215189873417 0.35443037974683544 0.3670886075949367 0.379746835443038 0.3924050632911392 0.4050632911392405 0.4177215189873418 0.43037974683544306 0.4430379746835443 0.45569620253164556 0.46835443037974683 0.4810126582278481 0.4936708860759494 0.5063291139240507 0.5189873417721519 0.5316455696202531 0.5443037974683544 0.5569620253164557 0.569620253164557 0.5822784810126582 0.5949367088607594 0.6075949367088608 0.620253164556962 0.6329113924050633 0.6455696202531646 0.6582278481012658 0.6708860759493671 0.6835443037974683 0.6962025316455697 0.7088607594936709 0.7215189873417721 0.7341772151898734 0.7468354430379747 0.759493670886076 0.7721518987341772 0.7848101265822784 0.7974683544303798 0.810126582278481 0.8227848101265823 0.8354430379746836 0.8481012658227848 0.8607594936708861 0.8734177215189873 0.8860759493670886 0.8987341772151899 0.9113924050632911 0.9240506329113924 0.9367088607594937 0.9493670886075949 0.9620253164556962 0.9746835443037974 0.9873417721518988 1.0

1430.5766129032259 1426.1370967741937 1421.6975806451612 1414.2983870967741 1406.899193548387 1405.4193548387098 1402.4596774193549 1400.9798387096776 1399.5 1399.5 1403.9395161290322 1408.3790322580646 1418.7379032258066 1421.6975806451612 1429.0967741935485 1439.4556451612902 1440.9354838709678 1443.8951612903227 1442.4153225806451 1443.8951612903227 1446.8548387096776 1452.774193548387 1455.733870967742 1467.5725806451612
950.9567338709677 949.4768951612903 949.4768951612903 953.9164112903226 956.8760887096774 958.3559274193548 967.2349596774193 970.1946370967742 980.5535080645161 989.4325403225806 993.8720564516129 993.8720564516129 993.8720564516129 993.8720564516129 987.9527016129032 979.0736693548387 968.7147983870967 956.8760887096774 958.3559274193548 971.6744758064516 982.0333467741935 990.9123790322581 996.8317338709677 1005.7107661290322
0.0 0.043478260869565216 0.08695652173913043 0.13043478260869565 0.17391304347826086 0.21739130434782608 0.2608695652173913 0.30434782608695654 0.34782608695652173 0.391304347826087 0.43478260869565216 0.4782608695652174 0.5217391304347826 0.5652173913043478 0.6086956521739131 0.6521739130434783 0.6956521739130435 0.7391304347826086 0.782608695652174 0.8260869565217391 0.8695652173913043 0.9130434782608695 0.9565217391304348 1.0
0.0 0.012658227848101266 0.02531645569620253 0.0379746835443038 0.05063291139240506 0.06329113924050633 0.0759493670886076 0.08860759493670886 0.10126582278481013 0.11392405063291139 0.12658227848101267 0.13924050632911392 0.1518987341772152 0.16455696202531644 0.17721518987341772 0.189873417721519 0.20253164556962025 0.21518987341772153 0.22784810126582278 0.24050632911392406 0.25316455696202533 0.26582278481012656 0.27848101265822783 0.2911392405063291 0.3037974683544304 0.31645569620253167 0.3291139240506329 0.34177215189873417 0.35443037974683544 0.3670886075949367 0.379746835443038 0.3924050632911392 0.4050632911392405 0.4177215189873418 0.43037974683544306 0.4430379746835443 0.45569620253164556 0.46835443037974683 0.4810126582278481 0.4936708860759494 0.5063291139240507 0.5189873417721519 0.5316455696202531 0.5443037974683544 0.5569620253164557 0.569620253164557 0.5822784810126582 0.5949367088607594 0.6075949367088608 0.620253164556962 0.6329113924050633 0.6455696202531646 0.6582278481012658 0.6708860759493671 0.6835443037974683 0.6962025316455697 0.7088607594936709 0.7215189873417721 0.7341772151898734 0.7468354430379747 0.759493670886076 0.7721518987341772 0.7848101265822784 0.7974683544303798 0.810126582278481 0.8227848101265823 0.8354430379746836 0.8481012658227848 0.8607594936708861 0.8734177215189873 0.8860759493670886 0.8987341772151899 0.9113924050632911 0.9240506329113924 0.9367088607594937 0.9493670886075949 0.9620253164556962 0.9746835443037974 0.9873417721518988 1.0

1497.1693548387098 1498.649193548387 1500.1290322580646 1498.649193548387 1498.649193548387 1500.1290322580646 1504.5685483870968 1506.0483870967741 1511.967741935484 1514.9274193548388 1517.8870967741937 1523.8064516129032 1529.725806451613 1535.6451612903227 1544.524193548387 1547.483870967742 1551.9233870967741 1551.9233870967741 1559.3225806451612 1559.3225806451612 1565.241935483871 1571.1612903225807 1575.600806451613
955.39625 959.8357661290322 967.2349596774193 977.5938306451612 982.0333467741935 984.9930241935484 982.0333467741935 980.5535080645161 973.154314516129 968.7147983870967 964.2752822580645 965.755120967742 968.7147983870967 971.6744758064516 974.6341532258065 970.1946370967742 967.2349596774193 967.2349596774193 962.7954435483871 967.2349596774193 977.5938306451612 986.4728629032257 986.4728629032257
0.0 0.045454545454545456 0.09090909090909091 0.13636363636363635 0.18181818181818182 0.22727272727272727 0.2727272727272727 0.3181818181818182 0.36363636363636365 0.4090909090909091 0.45454545454545453 0.5 0.5454545454545454 0.5909090909090909 0.6363636363636364 0.6818181818181818 0.7272727272727273 0.7727272727272727 0.8181818181818182 0.8636363636363636 0.9090909090909091 0.9545454545454546 1.0
0.0 0.012658227848101266 0.02531645569620253 0.0379746835443038 0.05063291139240506 0.06329113924050633 0.0759493670886076 0.08860759493670886 0.10126582278481013 0.11392405063291139 0.12658227848101267 0.13924050632911392 0.1518987341772152 0.16455696202531644 0.17721518987341772 0.189873417721519 0.20253164556962025 0.21518987341772153 0.22784810126582278 0.24050632911392406 0.25316455696202533 0.26582278481012656 0.27848101265822783 0.2911392405063291 0.3037974683544304 0.31645569620253167 0.3291139240506329 0.34177215189873417 0.35443037974683544 0.3670886075949367 0.379746835443038 0.3924050632911392 0.4050632911392405 0.4177215189873418 0.43037974683544306 0.4430379746835443 0.45569620253164556 0.46835443037974683 0.4810126582278481 0.4936708860759494 0.5063291139240507 0.5189873417721519 0.5316455696202531 0.5443037974683544 0.5569620253164557 0.569620253164557 0.5822784810126582 0.5949367088607594 0.6075949367088608 0.620253164556962 0.6329113924050633 0.6455696202531646 0.6582278481012658 0.6708860759493671 0.6835443037974683 0.6962025316455697 0.7088607594936709 0.7215189873417721 0.7341772151898734 0.7468354430379747 0.759493670886076 0.7721518987341772 0.7848101265822784 0.7974683544303798 0.810126582278481 0.8227848101265823 0.8354430379746836 0.8481012658227848 0.8607594936708861 0.8734177215189873 0.8860759493670886 0.8987341772151899 0.9113924050632911 0.9240506329113924 0.9367088607594937 0.9493670886075949 0.9620253164556962 0.9746835443037974 0.9873417721518988 1.0

1605.1975806451615 1605.1975806451615 1599.2782258064517 1596.3185483870968 1594.8387096774195 1587.4395161290322 1587.4395161290322 1593.358870967742 1602.2379032258066 1619.9959677419356 1625.9153225806451 1639.233870967742 1648.1129032258066 1646.633064516129 1639.233870967742 1630.3548387096776 1622.9556451612905 1615.5564516129032 1615.5564516129032 1618.516129032258 1624.4354838709678
971.6744758064516 970.1946370967742 967.2349596774193 968.7147983870967 971.6744758064516 979.0736693548387 987.9527016129032 1001.27125 1004.2309274193548 999.7914112903226 995.3518951612903 986.4728629032257 977.5938306451612 971.6744758064516 956.8760887096774 953.9164112903226 956.8760887096774 958.3559274193548 962.7954435483871 967.2349596774193 977.5938306451612
0.0 0.05 0.1 0.15 0.2 0.25 0.3 0.35 0.4 0.45 0.5 0.55 0.6 0.65 0.7 0.75 0.8 0.85 0.9 0.95 1.0
0.0 0.012658227848101266 0.02531645569620253 0.0379746835443038 0.05063291139240506 0.06329113924050633 0.0759493670886076 0.08860759493670886 0.10126582278481013 0.11392405063291139 0.12658227848101267 0.13924050632911392 0.1518987341772152 0.16455696202531644 0.17721518987341772 0.189873417721519 0.20253164556962025 0.21518987341772153 0.22784810126582278 0.24050632911392406 0.25316455696202533 0.26582278481012656 0.27848101265822783 0.2911392405063291 0.3037974683544304 0.31645569620253167 0.3291139240506329 0.34177215189873417 0.35443037974683544 0.3670886075949367 0.379746835443038 0.3924050632911392 0.4050632911392405 0.4177215189873418 0.43037974683544306 0.4430379746835443 0.45569620253164556 0.46835443037974683 0.4810126582278481 0.4936708860759494 0.5063291139240507 0.5189873417721519 0.5316455696202531 0.5443037974683544 0.5569620253164557 0.569620253164557 0.5822784810126582 0.5949367088607594 0.6075949367088608 0.620253164556962 0.6329113924050633 0.6455696202531646 0.6582278481012658 0.6708860759493671 0.6835443037974683 0.6962025316455697 0.7088607594936709 0.7215189873417721 0.7341772151898734 0.7468354430379747 0.759493670886076 0.7721518987341772 0.7848101265822784 0.7974683544303798 0.810126582278481 0.8227848101265823 0.8354430379746836 0.8481012658227848 0.8607594936708861 0.8734177215189873 0.8860759493670886 0.8987341772151899 0.9113924050632911 0.9240506329113924 0.9367088607594937 0.9493670886075949 0.9620253164556962 0.9746835443037974 0.9873417721518988 1.0

1654.032258064516 1654.032258064516 1664.391129032258 1668.8306451612905 1668.8306451612905 1668.8306451612905 1667.350806451613 1665.8709677419356 1659.9516129032259 1668.8306451612905 1679.1895161290322 1699.907258064516 1691.0282258064517 1698.4274193548388 1708.7862903225807 1714.7056451612905 1722.1048387096776 1728.024193548387 1729.5040322580646 1735.4233870967741 1739.8629032258066 1738.383064516129 1733.9435483870968 1729.5040322580646
971.6744758064516 971.6744758064516 956.8760887096774 950.9567338709677 947.9970564516129 959.8357661290322 962.7954435483871 976.1139919354839 983.513185483871 986.4728629032257 979.0736693548387 968.7147983870967 964.2752822580645 967.2349596774193 973.154314516129 982.0333467741935 983.513185483871 983.513185483871 983.513185483871 976.1139919354839 965.755120967742 956.8760887096774 953.9164112903226 949.4768951612903
0.0 0.043478260869565216 0.08695652173913043 0.13043478260869565 0.17391304347826086 0.21739130434782608 0.2608695652173913 0.30434782608695654 0.34782608695652173 0.391304347826087 0.43478260869565216 0.4782608695652174 0.5217391304347826 0.5652173913043478 0.6086956521739131 0.6521739130434783 0.6956521739130435 0.7391304347826086 0.782608695652174 0.8260869565217391 0.8695652173913043 0.9130434782608695 0.9565217391304348 1.0
0.0 0.012658227848101266 0.02531645569620253 0.0379746835443038 0.05063291139240506 0.06329113924050633 0.0759493670886076 0.08860759493670886 0.10126582278481013 0.11392405063291139 0.12658227848101267 0.13924050632911392 0.1518987341772152 0.16455696202531644 0.17721518987341772 0.189873417721519 0.20253164556962025 0.21518987341772153 0.22784810126582278 0.24050632911392406 0.25316455696202533 0.26582278481012656 0.27848101265822783 0.2911392405063291 0.3037974683544304 0.31645569620253167 0.3291139240506329 0.34177215189873417 0.35443037974683544 0.3670886075949367 0.379746835443038 0.3924050632911392 0.4050632911392405 0.4177215189873418 0.43037974683544306 0.4430379746835443 0.45569620253164556 0.46835443037974683 0.4810126582278481 0.4936708860759494 0.5063291139240507 0.5189873417721519 0.5316455696202531 0.5443037974683544 0.5569620253164557 0.569620253164557 0.5822784810126582 0.5949367088607594 0.6075949367088608 0.620253164556962 0.6329113924050633 0.6455696202531646 0.6582278481012658 0.6708860759493671 0.6835443037974683 0.6962025316455697 0.7088607594936709 0.7215189873417721 0.7341772151898734 0.7468354430379747 0.759493670886076 0.7721518987341772 0.7848101265822784 0.7974683544303798 0.810126582278481 0.8227848101265823 0.8354430379746836 0.8481012658227848 0.8607594936708861 0.8734177215189873 0.8860759493670886 0.8987341772151899 0.9113924050632911 0.9240506329113924 0.9367088607594937 0.9493670886075949 0.9620253164556962 0.9746835443037974 0.9873417721518988 1.0

1782.7782258064517 1779.8185483870968 1776.858870967742 1769.4596774193549 1763.5403225806451 1753.1814516129032 1751.7016129032259 1754.6612903225807 1756.141129032258 1767.9798387096776 1778.3387096774195 1779.8185483870968 1793.1370967741937 1799.0564516129034 1799.0564516129034 1802.016129032258 1800.5362903225807 1802.016129032258 1803.4959677419356 1810.8951612903227 1812.375 1821.2540322580646 1825.6935483870968 1837.532258064516 1840.491935483871 1853.8104838709678 1853.8104838709678 1855.2903225806451 1850.850806451613 1855.2903225806451 1862.6895161290324 1871.5685483870968 1880.4475806451615 1883.407258064516 1890.8064516129034 1893.766129032258 1890.8064516129034 1890.8064516129034 1893.766129032258 1895.2459677419356 1896.725806451613
956.8760887096774 955.39625 955.39625 958.3559274193548 958.3559274193548 964.2752822580645 970.1946370967742 980.5535080645161 984.9930241935484 983.513185483871 982.0333467741935 976.1139919354839 958.3559274193548 953.9164112903226 952.4365725806451 950.9567338709677 961.3156048387096 965.755120967742 976.1139919354839 977.5938306451612 977.5938306451612 976.1139919354839 974.6341532258065 967.2349596774193 959.8357661290322 952.4365725806451 950.9567338709677 958.3559274193548 976.1139919354839 976.1139919354839 976.1139919354839 971.6744758064516 964.2752822580645 958.3559274193548 953.9164112903226 950.9567338709677 955.39625 974.6341532258065 979.0736693548387 984.9930241935484 986.4728629032257
0.0 0.025 0.05 0.075 0.1 0.125 0.15 0.175 0.2 0.225 0.25 0.275 0.3 0.325 0.35 0.375 0.4 0.425 0.45 0.475 0.5 0.525 0.55 0.575 0.6 0.625 0.65 0.675 0.7 0.725 0.75 0.775 0.8 0.825 0.85 0.875 0.9 0.925 0.95 0.975 1.0
0.0 0.012658227848101266 0.02531645569620253 0.0379746835443038 0.05063291139240506 0.06329113924050633 0.0759493670886076 0.08860759493670886 0.10126582278481013 0.11392405063291139 0.12658227848101267 0.13924050632911392 0.1518987341772152 0.16455696202531644 0.17721518987341772 0.189873417721519 0.20253164556962025 0.21518987341772153 0.22784810126582278 0.24050632911392406 0.25316455696202533 0.26582278481012656 0.27848101265822783 0.2911392405063291 0.3037974683544304 0.31645569620253167 0.3291139240506329 0.34177215189873417 0.35443037974683544 0.3670886075949367 0.379746835443038 0.3924050632911392 0.4050632911392405 0.4177215189873418 0.43037974683544306 0.4430379746835443 0.45569620253164556 0.46835443037974683 0.4810126582278481 0.4936708860759494 0.5063291139240507 0.5189873417721519 0.5316455696202531 0.5443037974683544 0.5569620253164557 0.569620253164557 0.5822784810126582 0.5949367088607594 0.6075949367088608 0.620253164556962 0.6329113924050633 0.6455696202531646 0.6582278481012658 0.6708860759493671 0.6835443037974683 0.6962025316455697 0.7088607594936709 0.7215189873417721 0.7341772151898734 0.7468354430379747 0.759493670886076 0.7721518987341772 0.7848101265822784 0.7974683544303798 0.810126582278481 0.8227848101265823 0.8354430379746836 0.8481012658227848 0.8607594936708861 0.8734177215189873 0.8860759493670886 0.8987341772151899 0.9113924050632911 0.9240506329113924 0.9367088607594937 0.9493670886075949 0.9620253164556962 0.9746835443037974 0.9873417721518988 1.0

1926.3225806451615 1924.842741935484 1917.4435483870968 1917.4435483870968 1914.483870967742 1915.9637096774195 1920.4032258064517 1921.883064516129 1926.3225806451615
943.5575403225806 943.5575403225806 958.3559274193548 967.2349596774193 974.6341532258065 984.9930241935484 986.4728629032257 986.4728629032257 983.513185483871
0.0 0.125 0.25 0.375 0.5 0.625 0.75 0.875 1.0
0.0 0.012658227848101266 0.02531645569620253 0.0379746835443038 0.05063291139240506 0.06329113924050633 0.0759493670886076 0.08860759493670886 0.10126582278481013 0.11392405063291139 0.12658227848101267 0.13924050632911392 0.1518987341772152 0.16455696202531644 0.17721518987341772 0.189873417721519 0.20253164556962025 0.21518987341772153 0.22784810126582278 0.24050632911392406 0.25316455696202533 0.26582278481012656 0.27848101265822783 0.2911392405063291 0.3037974683544304 0.31645569620253167 0.3291139240506329 0.34177215189873417 0.35443037974683544 0.3670886075949367 0.379746835443038 0.3924050632911392 0.4050632911392405 0.4177215189873418 0.43037974683544306 0.4430379746835443 0.45569620253164556 0.46835443037974683 0.4810126582278481 0.4936708860759494 0.5063291139240507 0.5189873417721519 0.5316455696202531 0.5443037974683544 0.5569620253164557 0.569620253164557 0.5822784810126582 0.5949367088607594 0.6075949367088608 0.620253164556962 0.6329113924050633 0.6455696202531646 0.6582278481012658 0.6708860759493671 0.6835443037974683 0.6962025316455697 0.7088607594936709 0.7215189873417721 0.7341772151898734 0.7468354430379747 0.759493670886076 0.7721518987341772 0.7848101265822784 0.7974683544303798 0.810126582278481 0.8227848101265823 0.8354430379746836 0.8481012658227848 0.8607594936708861 0.8734177215189873 0.8860759493670886 0.8987341772151899 0.9113924050632911 0.9240506329113924 0.9367088607594937 0.9493670886075949 0.9620253164556962 0.9746835443037974 0.9873417721518988 1.0

1950.0 1950.0 1950.0 1952.9596774193549 1951.4798387096776 1947.0403225806454
922.8397983870967 924.3196370967742 930.2389919354838 933.1986693548387 947.9970564516129 949.4768951612903
0.0 0.2 0.4 0.6 0.8 1.0
0.0 0.012658227848101266 0.02531645569620253 0.0379746835443038 0.05063291139240506 0.06329113924050633 0.0759493670886076 0.08860759493670886 0.10126582278481013 0.11392405063291139 0.12658227848101267 0.13924050632911392 0.1518987341772152 0.16455696202531644 0.17721518987341772 0.189873417721519 0.20253164556962025 0.21518987341772153 0.22784810126582278 0.24050632911392406 0.25316455696202533 0.26582278481012656 0.27848101265822783 0.2911392405063291 0.3037974683544304 0.31645569620253167 0.3291139240506329 0.34177215189873417 0.35443037974683544 0.3670886075949367 0.379746835443038 0.3924050632911392 0.4050632911392405 0.4177215189873418 0.43037974683544306 0.4430379746835443 0.45569620253164556 0.46835443037974683 0.4810126582278481 0.4936708860759494 0.5063291139240507 0.5189873417721519 0.5316455696202531 0.5443037974683544 0.5569620253164557 0.569620253164557 0.5822784810126582 0.5949367088607594 0.6075949367088608 0.620253164556962 0.6329113924050633 0.6455696202531646 0.6582278481012658 0.6708860759493671 0.6835443037974683 0.6962025316455697 0.7088607594936709 0.7215189873417721 0.7341772151898734 0.7468354430379747 0.759493670886076 0.7721518987341772 0.7848101265822784 0.7974683544303798 0.810126582278481 0.8227848101265823 0.8354430379746836 0.8481012658227848 0.8607594936708861 0.8734177215189873 0.8860759493670886 0.8987341772151899 0.9113924050632911 0.9240506329113924 0.9367088607594937 0.9493670886075949 0.9620253164556962 0.9746835443037974 0.9873417721518988 1.0

1976.6370967741937 1975.157258064516 1967.758064516129 1964.7983870967744 1955.9193548387098 1952.9596774193549 1952.9596774193549 1950.0 1951.4798387096776 1958.8790322580646 1969.2379032258066 1975.157258064516 1976.6370967741937 1984.0362903225807 1986.9959677419356 1991.4354838709678 1995.875 1995.875 1997.3548387096776 1998.8346774193549 2001.7943548387098 2006.233870967742 2009.1935483870968 2016.592741935484
949.4768951612903 949.4768951612903 947.9970564516129 949.4768951612903 955.39625 956.8760887096774 961.3156048387096 971.6744758064516 974.6341532258065 983.513185483871 984.9930241935484 984.9930241935484 982.0333467741935 977.5938306451612 973.154314516129 968.7147983870967 958.3559274193548 949.4768951612903 958.3559274193548 964.2752822580645 974.6341532258065 983.513185483871 987.9527016129032 995.3518951612903
0.0 0.043478260869565216 0.08695652173913043 0.13043478260869565 0.17391304347826086 0.21739130434782608 0.2608695652173913 0.30434782608695654 0.34782608695652173 0.391304347826087 0.43478260869565216 0.4782608695652174 0.5217391304347826 0.5652173913043478 0.6086956521739131 0.6521739130434783 0.6956521739130435 0.7391304347826086 0.782608695652174 0.8260869565217391 0.8695652173913043 0.9130434782608695 0.9565217391304348 1.0
0.0 0.012658227848101266 0.02531645569620253 0.0379746835443038 0.05063291139240506 0.06329113924050633 0.0759493670886076 0.08860759493670886 0.10126582278481013 0.11392405063291139 0.12658227848101267 0.13924050632911392 0.1518987341772152 0.16455696202531644 0.17721518987341772 0.189873417721519 0.20253164556962025 0.21518987341772153 0.22784810126582278 0.24050632911392406 0.25316455696202533 0.26582278481012656 0.27848101265822783 0.2911392405063291 0.3037974683544304 0.31645569620253167 0.3291139240506329 0.34177215189873417 0.35443037974683544 0.3670886075949367 0.379746835443038 0.3924050632911392 0.4050632911392405 0.4177215189873418 0.43037974683544306 0.4430379746835443 0.45569620253164556 0.46835443037974683 0.4810126582278481 0.4936708860759494 0.5063291139240507 0.5189873417721519 0.5316455696202531 0.5443037974683544 0.5569620253164557 0.569620253164557 0.5822784810126582 0.5949367088607594 0.6075949367088608 0.620253164556962 0.6329113924050633 0.6455696202531646 0.6582278481012658 0.6708860759493671 0.6835443037974683 0.6962025316455697 0.7088607594936709 0.7215189873417721 0.7341772151898734 0.7468354430379747 0.759493670886076 0.7721518987341772 0.7848101265822784 0.7974683544303798 0.810126582278481 0.8227848101265823 0.8354430379746836 0.8481012658227848 0.8607594936708861 0.8734177215189873 0.8860759493670886 0.8987341772151899 0.9113924050632911 0.9240506329113924 0.9367088607594937 0.9493670886075949 0.9620253164556962 0.9746835443037974 0.9873417721518988 1.0

2179.375 2182.334677419355 2185.29435483871 2194.1733870967746 2191.2137096774195 2189.7338709677424
916.9204435483871 918.4002822580645 921.3599596774193 924.3196370967742 918.4002822580645 918.4002822580645
0.0 0.2 0.4 0.6 0.8 1.0
0.0 0.012658227848101266 0.02531645569620253 0.0379746835443038 0.05063291139240506 0.06329113924050633 0.0759493670886076 0.08860759493670886 0.10126582278481013 0.11392405063291139 0.12658227848101267 0.13924050632911392 0.1518987341772152 0.16455696202531644 0.17721518987341772 0.189873417721519 0.20253164556962025 0.21518987341772153 0.22784810126582278 0.24050632911392406 0.25316455696202533 0.26582278481012656 0.27848101265822783 0.2911392405063291 0.3037974683544304 0.31645569620253167 0.3291139240506329 0.34177215189873417 0.35443037974683544 0.3670886075949367 0.379746835443038 0.3924050632911392 0.4050632911392405 0.4177215189873418 0.43037974683544306 0.4430379746835443 0.45569620253164556 0.46835443037974683 0.4810126582278481 0.4936708860759494 0.5063291139240507 0.5189873417721519 0.5316455696202531 0.5443037974683544 0.5569620253164557 0.569620253164557 0.5822784810126582 0.5949367088607594 0.6075949367088608 0.620253164556962 0.6329113924050633 0.6455696202531646 0.6582278481012658 0.6708860759493671 0.6835443037974683 0.6962025316455697 0.7088607594936709 0.7215189873417721 0.7341772151898734 0.7468354430379747 0.759493670886076 0.7721518987341772 0.7848101265822784 0.7974683544303798 0.810126582278481 0.8227848101265823 0.8354430379746836 0.8481012658227848 0.8607594936708861 0.8734177215189873 0.8860759493670886 0.8987341772151899 0.9113924050632911 0.9240506329113924 0.9367088607594937 0.9493670886075949 0.9620253164556962 0.9746835443037974 0.9873417721518988 1.0

2183.814516129032 2185.29435483871 2194.1733870967746 2195.6532258064517 2197.133064516129 2192.6935483870966
958.3559274193548 958.3559274193548 958.3559274193548 958.3559274193548 958.3559274193548 955.39625
0.0 0.2 0.4 0.6 0.8 1.0
0.0 0.012658227848101266 0.02531645569620253 0.0379746835443038 0.05063291139240506 0.06329113924050633 0.0759493670886076 0.08860759493670886 0.10126582278481013 0.11392405063291139 0.12658227848101267 0.13924050632911392 0.1518987341772152 0.16455696202531644 0.17721518987341772 0.189873417721519 0.20253164556962025 0.21518987341772153 0.22784810126582278 0.24050632911392406 0.25316455696202533 0.26582278481012656 0.27848101265822783 0.2911392405063291 0.3037974683544304 0.31645569620253167 0.3291139240506329 0.34177215189873417 0.35443037974683544 0.3670886075949367 0.379746835443038 0.3924050632911392 0.4050632911392405 0.4177215189873418 0.43037974683544306 0.4430379746835443 0.45569620253164556 0.46835443037974683 0.4810126582278481 0.4936708860759494 0.5063291139240507 0.5189873417721519 0.5316455696202531 0.5443037974683544 0.5569620253164557 0.569620253164557 0.5822784810126582 0.5949367088607594 0.6075949367088608 0.620253164556962 0.6329113924050633 0.6455696202531646 0.6582278481012658 0.6708860759493671 0.6835443037974683 0.6962025316455697 0.7088607594936709 0.7215189873417721 0.7341772151898734 0.7468354430379747 0.759493670886076 0.7721518987341772 0.7848101265822784 0.7974683544303798 0.810126582278481 0.8227848101265823 0.8354430379746836 0.8481012658227848 0.8607594936708861 0.8734177215189873 0.8860759493670886 0.8987341772151899 0.9113924050632911 0.9240506329113924 0.9367088607594937 0.9493670886075949 0.9620253164556962 0.9746835443037974 0.9873417721518988 1.0

2208.9717741935483 2213.4112903225805 2217.8508064516127 2222.290322580645 2223.770161290323 2226.729838709677 2226.729838709677
939.1180241935484 939.1180241935484 933.1986693548387 933.1986693548387 933.1986693548387 934.6785080645161 934.6785080645161
0.0 0.16666666666666666 0.3333333333333333 0.5 0.6666666666666666 0.8333333333333334 1.0
0.0 0.012658227848101266 0.02531645569620253 0.0379746835443038 0.05063291139240506 0.06329113924050633 0.0759493670886076 0.08860759493670886 0.10126582278481013 0.11392405063291139 0.12658227848101267 0.13924050632911392 0.1518987341772152 0.16455696202531644 0.17721518987341772 0.189873417721519 0.20253164556962025 0.21518987341772153 0.22784810126582278 0.24050632911392406 0.25316455696202533 0.26582278481012656 0.27848101265822783 0.2911392405063291 0.3037974683544304 0.31645569620253167 0.3291139240506329 0.34177215189873417 0.35443037974683544 0.3670886075949367 0.379746835443038 0.3924050632911392 0.4050632911392405 0.4177215189873418 0.43037974683544306 0.4430379746835443 0.45569620253164556 0.46835443037974683 0.4810126582278481 0.4936708860759494 0.5063291139240507 0.5189873417721519 0.5316455696202531 0.5443037974683544 0.5569620253164557 0.569620253164557 0.5822784810126582 0.5949367088607594 0.6075949367088608 0.620253164556962 0.6329113924050633 0.6455696202531646 0.6582278481012658 0.6708860759493671 0.6835443037974683 0.6962025316455697 0.7088607594936709 0.7215189873417721 0.7341772151898734 0.7468354430379747 0.759493670886076 0.7721518987341772 0.7848101265822784 0.7974683544303798 0.810126582278481 0.8227848101265823 0.8354430379746836 0.8481012658227848 0.8607594936708861 0.8734177215189873 0.8860759493670886 0.8987341772151899 0.9113924050632911 0.9240506329113924 0.9367088607594937 0.9493670886075949 0.9620253164556962 0.9746835443037974 0.9873417721518988 1.0

2259.2862903225805 2259.2862903225805 2265.2056451612907 2271.125 2271.125 2271.125 2271.125 2271.125 2275.564516129032 2277.04435483871 2275.564516129032 2275.564516129032 2271.125 2271.125 2269.645161290323 2266.685483870968 2263.7258064516127 2263.7258064516127 2250.407258064516
891.763185483871 891.763185483871 897.6825403225806 906.5615725806451 908.0414112903226 913.9607661290322 918.4002822580645 924.3196370967742 936.1583467741935 940.5978629032257 945.0373790322581 947.9970564516129 958.3559274193548 959.8357661290322 962.7954435483871 971.6744758064516 979.0736693548387 979.0736693548387 986.4728629032257
0.0 0.05555555555555555 0.1111111111111111 0.16666666666666666 0.2222222222222222 0.2777777777777778 0.3333333333333333 0.3888888888888889 0.4444444444444444 0.5 0.5555555555555556 0.6111111111111112 0.6666666666666666 0.7222222222222222 0.7777777777777778 0.8333333333333334 0.8888888888888888 0.9444444444444444 1.0
0.0 0.012658227848101266 0.02531645569620253 0.0379746835443038 0.05063291139240506 0.06329113924050633 0.0759493670886076 0.08860759493670886 0.10126582278481013 0.11392405063291139 0.12658227848101267 0.13924050632911392 0.1518987341772152 0.16455696202531644 0.17721518987341772 0.189873417721519 0.20253164556962025 0.21518987341772153 0.22784810126582278 0.24050632911392406 0.25316455696202533 0.26582278481012656 0.27848101265822783 0.2911392405063291 0.3037974683544304 0.31645569620253167 0.3291139240506329 0.34177215189873417 0.35443037974683544 0.3670886075949367 0.379746835443038 0.3924050632911392 0.4050632911392405 0.4177215189873418 0.43037974683544306 0.4430379746835443 0.45569620253164556 0.46835443037974683 0.4810126582278481 0.4936708860759494 0.5063291139240507 0.5189873417721519 0.5316455696202531 0.5443037974683544 0.5569620253164557 0.569620253164557 0.5822784810126582 0.5949367088607594 0.6075949367088608 0.620253164556962 0.6329113924050633 0.6455696202531646 0.6582278481012658 0.6708860759493671 0.6835443037974683 0.6962025316455697 0.7088607594936709 0.7215189873417721 0.7341772151898734 0.7468354430379747 0.759493670886076 0.7721518987341772 0.7848101265822784 0.7974683544303798 0.810126582278481 0.8227848101265823 0.8354430379746836 0.8481012658227848 0.8607594936708861 0.8734177215189873 0.8860759493670886 0.8987341772151899 0.9113924050632911 0.9240506329113924 0.9367088607594937 0.9493670886075949 0.9620253164556962 0.9746835443037974 0.9873417721518988 1.0

