126.39986559139786 128.2829301075269 128.5967741935484 128.91061827956992 129.53830645161293 125.77217741935485 124.20295698924733 123.88911290322582 127.34139784946237 135.815188172043 143.97513440860217 151.19354838709677 151.19354838709677 146.1720430107527 137.69825268817203 131.73521505376345 128.2829301075269
123.88391801075267 140.83149865591395 155.2683266129032 166.5667137096774 177.8651008064516 166.8805577956989 150.87450940860214 138.0069018817204 128.59157930107526 123.57007392473116 121.68700940860214 125.45313844086019 133.92692876344083 143.0284072580645 150.24682123655913 153.38526209677417 153.69910618279567
0.0 0.0625 0.125 0.1875 0.25 0.3125 0.375 0.4375 0.5 0.5625 0.625 0.6875 0.75 0.8125 0.875 0.9375 1.0
0.0 0.012658227848101266 0.02531645569620253 0.0379746835443038 0.05063291139240506 0.06329113924050633 0.0759493670886076 0.08860759493670886 0.10126582278481013 0.11392405063291139 0.12658227848101267 0.13924050632911392 0.1518987341772152 0.16455696202531644 0.17721518987341772 0.189873417721519 0.20253164556962025 0.21518987341772153 0.22784810126582278 0.24050632911392406 0.25316455696202533 0.26582278481012656 0.27848101265822783 0.2911392405063291 0.3037974683544304 0.31645569620253167 0.3291139240506329 0.34177215189873417 0.35443037974683544 0.3670886075949367 0.379746835443038 0.3924050632911392 0.4050632911392405 0.4177215189873418 0.43037974683544306 0.4430379746835443 0.45569620253164556 0.46835443037974683 0.4810126582278481 0.4936708860759494 0.5063291139240507 0.5189873417721519 0.5316455696202531 0.5443037974683544 0.5569620253164557 0.569620253164557 0.5822784810126582 0.5949367088607594 0.6075949367088608 0.620253164556962 0.6329113924050633 0.6455696202531646 0.6582278481012658 0.6708860759493671 0.6835443037974683 0.6962025316455697 0.7088607594936709 0.7215189873417721 0.7341772151898734 0.7468354430379747 0.759493670886076 0.7721518987341772 0.7848101265822784 0.7974683544303798 0.810126582278481 0.8227848101265823 0.8354430379746836 0.8481012658227848 0.8607594936708861 0.8734177215189873 0.8860759493670886 0.8987341772151899 0.9113924050632911 0.9240506329113924 0.9367088607594937 0.9493670886075949 0.9620253164556962 0.9746835443037974 0.9873417721518988 1.0

168.7688172043011 169.0826612903226 169.0826612903226 168.14112903225808 170.6518817204301 172.84879032258064 175.0456989247312 175.9872311827957 176.30107526881721 178.18413978494624 184.77486559139786 190.73790322580646 195.44556451612905 198.5840053763441 200.46706989247312 202.35013440860217 202.35013440860217 201.40860215053763 199.2116935483871
125.76698252688169 140.20381048387094 150.56066532258063 161.5452083333333 167.82209005376342 164.36980510752687 156.83754704301074 149.30528897849462 145.85300403225804 146.79453629032255 156.83754704301074 164.99749327956988 166.8805577956989 165.6251814516129 161.8590524193548 153.69910618279567 143.6560954301075 136.4376814516129 131.1023319892473
0.0 0.05555555555555555 0.1111111111111111 0.16666666666666666 0.2222222222222222 0.2777777777777778 0.3333333333333333 0.3888888888888889 0.4444444444444444 0.5 0.5555555555555556 0.6111111111111112 0.6666666666666666 0.7222222222222222 0.7777777777777778 0.8333333333333334 0.8888888888888888 0.9444444444444444 1.0
0.0 0.012658227848101266 0.02531645569620253 0.0379746835443038 0.05063291139240506 0.06329113924050633 0.0759493670886076 0.08860759493670886 0.10126582278481013 0.11392405063291139 0.12658227848101267 0.13924050632911392 0.1518987341772152 0.16455696202531644 0.17721518987341772 0.189873417721519 0.20253164556962025 0.21518987341772153 0.22784810126582278 0.24050632911392406 0.25316455696202533 0.26582278481012656 0.27848101265822783 0.2911392405063291 0.3037974683544304 0.31645569620253167 0.3291139240506329 0.34177215189873417 0.35443037974683544 0.3670886075949367 0.379746835443038 0.3924050632911392 0.4050632911392405 0.4177215189873418 0.43037974683544306 0.4430379746835443 0.45569620253164556 0.46835443037974683 0.4810126582278481 0.4936708860759494 0.5063291139240507 0.5189873417721519 0.5316455696202531 0.5443037974683544 0.5569620253164557 0.569620253164557 0.5822784810126582 0.5949367088607594 0.6075949367088608 0.620253164556962 0.6329113924050633 0.6455696202531646 0.6582278481012658 0.6708860759493671 0.6835443037974683 0.6962025316455697 0.7088607594936709 0.7215189873417721 0.7341772151898734 0.7468354430379747 0.759493670886076 0.7721518987341772 0.7848101265822784 0.7974683544303798 0.810126582278481 0.8227848101265823 0.8354430379746836 0.8481012658227848 0.8607594936708861 0.8734177215189873 0.8860759493670886 0.8987341772151899 0.9113924050632911 0.9240506329113924 0.9367088607594937 0.9493670886075949 0.9620253164556962 0.9746835443037974 0.9873417721518988 1.0

222.122311827957 219.92540322580646 217.10080645161293 213.96236559139786 211.45161290322582 212.07930107526883 216.15927419354838 221.8084677419355 229.96841397849462 236.24529569892474 238.44220430107526 238.12836021505376 236.24529569892474 233.4206989247312 229.34072580645162 227.7715053763441
132.98539650537631 129.53311155913977 132.3577083333333 138.94843413978492 145.22531586021503 154.32679435483868 160.9175201612903 163.74211693548386 164.36980510752687 159.34829973118278 150.24682123655913 141.14534274193545 133.29924059139782 127.65004704301074 127.96389112903225 131.7300201612903
0.0 0.06666666666666667 0.13333333333333333 0.2 0.26666666666666666 0.3333333333333333 0.4 0.4666666666666667 0.5333333333333333 0.6 0.6666666666666666 0.7333333333333333 0.8 0.8666666666666667 0.9333333333333333 1.0
0.0 0.012658227848101266 0.02531645569620253 0.0379746835443038 0.05063291139240506 0.06329113924050633 0.0759493670886076 0.08860759493670886 0.10126582278481013 0.11392405063291139 0.12658227848101267 0.13924050632911392 0.1518987341772152 0.16455696202531644 0.17721518987341772 0.189873417721519 0.20253164556962025 0.21518987341772153 0.22784810126582278 0.24050632911392406 0.25316455696202533 0.26582278481012656 0.27848101265822783 0.2911392405063291 0.3037974683544304 0.31645569620253167 0.3291139240506329 0.34177215189873417 0.35443037974683544 0.3670886075949367 0.379746835443038 0.3924050632911392 0.4050632911392405 0.4177215189873418 0.43037974683544306 0.4430379746835443 0.45569620253164556 0.46835443037974683 0.4810126582278481 0.4936708860759494 0.5063291139240507 0.5189873417721519 0.5316455696202531 0.5443037974683544 0.5569620253164557 0.569620253164557 0.5822784810126582 0.5949367088607594 0.6075949367088608 0.620253164556962 0.6329113924050633 0.6455696202531646 0.6582278481012658 0.6708860759493671 0.6835443037974683 0.6962025316455697 0.7088607594936709 0.7215189873417721 0.7341772151898734 0.7468354430379747 0.759493670886076 0.7721518987341772 0.7848101265822784 0.7974683544303798 0.810126582278481 0.8227848101265823 0.8354430379746836 0.8481012658227848 0.8607594936708861 0.8734177215189873 0.8860759493670886 0.8987341772151899 0.9113924050632911 0.9240506329113924 0.9367088607594937 0.9493670886075949 0.9620253164556962 0.9746835443037974 0.9873417721518988 1.0

269.51276881720435 270.76814516129036 271.7096774193549 272.6512096774194
138.3207459677419 144.59762768817203 151.18835349462364 154.6406384408602
0.0 0.3333333333333333 0.6666666666666666 1.0
0.0 0.012658227848101266 0.02531645569620253 0.0379746835443038 0.05063291139240506 0.06329113924050633 0.0759493670886076 0.08860759493670886 0.10126582278481013 0.11392405063291139 0.12658227848101267 0.13924050632911392 0.1518987341772152 0.16455696202531644 0.17721518987341772 0.189873417721519 0.20253164556962025 0.21518987341772153 0.22784810126582278 0.24050632911392406 0.25316455696202533 0.26582278481012656 0.27848101265822783 0.2911392405063291 0.3037974683544304 0.31645569620253167 0.3291139240506329 0.34177215189873417 0.35443037974683544 0.3670886075949367 0.379746835443038 0.3924050632911392 0.4050632911392405 0.4177215189873418 0.43037974683544306 0.4430379746835443 0.45569620253164556 0.46835443037974683 0.4810126582278481 0.4936708860759494 0.5063291139240507 0.5189873417721519 0.5316455696202531 0.5443037974683544 0.5569620253164557 0.569620253164557 0.5822784810126582 0.5949367088607594 0.6075949367088608 0.620253164556962 0.6329113924050633 0.6455696202531646 0.6582278481012658 0.6708860759493671 0.6835443037974683 0.6962025316455697 0.7088607594936709 0.7215189873417721 0.7341772151898734 0.7468354430379747 0.759493670886076 0.7721518987341772 0.7848101265822784 0.7974683544303798 0.810126582278481 0.8227848101265823 0.8354430379746836 0.8481012658227848 0.8607594936708861 0.8734177215189873 0.8860759493670886 0.8987341772151899 0.9113924050632911 0.9240506329113924 0.9367088607594937 0.9493670886075949 0.9620253164556962 0.9746835443037974 0.9873417721518988 1.0

262.2943548387097 266.68817204301075 273.2788978494624 282.0665322580645
148.9914448924731 148.9914448924731 148.6776008064516 147.42222446236556
0.0 0.3333333333333333 0.6666666666666666 1.0
0.0 0.012658227848101266 0.02531645569620253 0.0379746835443038 0.05063291139240506 0.06329113924050633 0.0759493670886076 0.08860759493670886 0.10126582278481013 0.11392405063291139 0.12658227848101267 0.13924050632911392 0.1518987341772152 0.16455696202531644 0.17721518987341772 0.189873417721519 0.20253164556962025 0.21518987341772153 0.22784810126582278 0.24050632911392406 0.25316455696202533 0.26582278481012656 0.27848101265822783 0.2911392405063291 0.3037974683544304 0.31645569620253167 0.3291139240506329 0.34177215189873417 0.35443037974683544 0.3670886075949367 0.379746835443038 0.3924050632911392 0.4050632911392405 0.4177215189873418 0.43037974683544306 0.4430379746835443 0.45569620253164556 0.46835443037974683 0.4810126582278481 0.4936708860759494 0.5063291139240507 0.5189873417721519 0.5316455696202531 0.5443037974683544 0.5569620253164557 0.569620253164557 0.5822784810126582 0.5949367088607594 0.6075949367088608 0.620253164556962 0.6329113924050633 0.6455696202531646 0.6582278481012658 0.6708860759493671 0.6835443037974683 0.6962025316455697 0.7088607594936709 0.7215189873417721 0.7341772151898734 0.7468354430379747 0.759493670886076 0.7721518987341772 0.7848101265822784 0.7974683544303798 0.810126582278481 0.8227848101265823 0.8354430379746836 0.8481012658227848 0.8607594936708861 0.8734177215189873 0.8860759493670886 0.8987341772151899 0.9113924050632911 0.9240506329113924 0.9367088607594937 0.9493670886075949 0.9620253164556962 0.9746835443037974 0.9873417721518988 1.0

304.6633064516129 305.91868279569894 305.60483870967744 306.86021505376345 301.5248655913979 298.0725806451613 301.8387096774194 309.684811827957 316.90322580645164
133.61308467741932 139.57612231182793 145.22531586021503 151.50219758064515 147.73606854838707 142.714563172043 142.086875 141.7730309139785 142.086875
0.0 0.125 0.25 0.375 0.5 0.625 0.75 0.875 1.0
0.0 0.012658227848101266 0.02531645569620253 0.0379746835443038 0.05063291139240506 0.06329113924050633 0.0759493670886076 0.08860759493670886 0.10126582278481013 0.11392405063291139 0.12658227848101267 0.13924050632911392 0.1518987341772152 0.16455696202531644 0.17721518987341772 0.189873417721519 0.20253164556962025 0.21518987341772153 0.22784810126582278 0.24050632911392406 0.25316455696202533 0.26582278481012656 0.27848101265822783 0.2911392405063291 0.3037974683544304 0.31645569620253167 0.3291139240506329 0.34177215189873417 0.35443037974683544 0.3670886075949367 0.379746835443038 0.3924050632911392 0.4050632911392405 0.4177215189873418 0.43037974683544306 0.4430379746835443 0.45569620253164556 0.46835443037974683 0.4810126582278481 0.4936708860759494 0.5063291139240507 0.5189873417721519 0.5316455696202531 0.5443037974683544 0.5569620253164557 0.569620253164557 0.5822784810126582 0.5949367088607594 0.6075949367088608 0.620253164556962 0.6329113924050633 0.6455696202531646 0.6582278481012658 0.6708860759493671 0.6835443037974683 0.6962025316455697 0.7088607594936709 0.7215189873417721 0.7341772151898734 0.7468354430379747 0.759493670886076 0.7721518987341772 0.7848101265822784 0.7974683544303798 0.810126582278481 0.8227848101265823 0.8354430379746836 0.8481012658227848 0.8607594936708861 0.8734177215189873 0.8860759493670886 0.8987341772151899 0.9113924050632911 0.9240506329113924 0.9367088607594937 0.9493670886075949 0.9620253164556962 0.9746835443037974 0.9873417721518988 1.0

380.9274193548387 380.6135752688172 380.2997311827957 379.9858870967742 379.0443548387097
118.23472446236556 127.33620295698924 133.92692876344083 140.20381048387094 149.93297715053762
0.0 0.25 0.5 0.75 1.0
0.0 0.012658227848101266 0.02531645569620253 0.0379746835443038 0.05063291139240506 0.06329113924050633 0.0759493670886076 0.08860759493670886 0.10126582278481013 0.11392405063291139 0.12658227848101267 0.13924050632911392 0.1518987341772152 0.16455696202531644 0.17721518987341772 0.189873417721519 0.20253164556962025 0.21518987341772153 0.22784810126582278 0.24050632911392406 0.25316455696202533 0.26582278481012656 0.27848101265822783 0.2911392405063291 0.3037974683544304 0.31645569620253167 0.3291139240506329 0.34177215189873417 0.35443037974683544 0.3670886075949367 0.379746835443038 0.3924050632911392 0.4050632911392405 0.4177215189873418 0.43037974683544306 0.4430379746835443 0.45569620253164556 0.46835443037974683 0.4810126582278481 0.4936708860759494 0.5063291139240507 0.5189873417721519 0.5316455696202531 0.5443037974683544 0.5569620253164557 0.569620253164557 0.5822784810126582 0.5949367088607594 0.6075949367088608 0.620253164556962 0.6329113924050633 0.6455696202531646 0.6582278481012658 0.6708860759493671 0.6835443037974683 0.6962025316455697 0.7088607594936709 0.7215189873417721 0.7341772151898734 0.7468354430379747 0.759493670886076 0.7721518987341772 0.7848101265822784 0.7974683544303798 0.810126582278481 0.8227848101265823 0.8354430379746836 0.8481012658227848 0.8607594936708861 0.8734177215189873 0.8860759493670886 0.8987341772151899 0.9113924050632911 0.9240506329113924 0.9367088607594937 0.9493670886075949 0.9620253164556962 0.9746835443037974 0.9873417721518988 1.0

374.65053763440864 378.1028225806452 383.43817204301075 385.0073924731183
137.0653696236559 138.3207459677419 138.63459005376342 138.0069018817204
0.0 0.3333333333333333 0.6666666666666666 1.0
0.0 0.012658227848101266 0.02531645569620253 0.0379746835443038 0.05063291139240506 0.06329113924050633 0.0759493670886076 0.08860759493670886 0.10126582278481013 0.11392405063291139 0.12658227848101267 0.13924050632911392 0.1518987341772152 0.16455696202531644 0.17721518987341772 0.189873417721519 0.20253164556962025 0.21518987341772153 0.22784810126582278 0.24050632911392406 0.25316455696202533 0.26582278481012656 0.27848101265822783 0.2911392405063291 0.3037974683544304 0.31645569620253167 0.3291139240506329 0.34177215189873417 0.35443037974683544 0.3670886075949367 0.379746835443038 0.3924050632911392 0.4050632911392405 0.4177215189873418 0.43037974683544306 0.4430379746835443 0.45569620253164556 0.46835443037974683 0.4810126582278481 0.4936708860759494 0.5063291139240507 0.5189873417721519 0.5316455696202531 0.5443037974683544 0.5569620253164557 0.569620253164557 0.5822784810126582 0.5949367088607594 0.6075949367088608 0.620253164556962 0.6329113924050633 0.6455696202531646 0.6582278481012658 0.6708860759493671 0.6835443037974683 0.6962025316455697 0.7088607594936709 0.7215189873417721 0.7341772151898734 0.7468354430379747 0.759493670886076 0.7721518987341772 0.7848101265822784 0.7974683544303798 0.810126582278481 0.8227848101265823 0.8354430379746836 0.8481012658227848 0.8607594936708861 0.8734177215189873 0.8860759493670886 0.8987341772151899 0.9113924050632911 0.9240506329113924 0.9367088607594937 0.9493670886075949 0.9620253164556962 0.9746835443037974 0.9873417721518988 1.0

394.42271505376345 392.2258064516129 389.7150537634409 388.4596774193548 391.9119623655914 399.4442204301075 404.46572580645164 406.03494623655916 404.15188172043014 401.64112903225805 400.07190860215053 398.8165322580645
137.6930577956989 137.3792137096774 139.57612231182793 142.4007190860215 147.73606854838707 148.36375672043008 145.85300403225804 140.51765456989244 134.86846102150537 132.98539650537631 132.98539650537631 135.49614919354838
0.0 0.09090909090909091 0.18181818181818182 0.2727272727272727 0.36363636363636365 0.45454545454545453 0.5454545454545454 0.6363636363636364 0.7272727272727273 0.8181818181818182 0.9090909090909091 1.0
0.0 0.012658227848101266 0.02531645569620253 0.0379746835443038 0.05063291139240506 0.06329113924050633 0.0759493670886076 0.08860759493670886 0.10126582278481013 0.11392405063291139 0.12658227848101267 0.13924050632911392 0.1518987341772152 0.16455696202531644 0.17721518987341772 0.189873417721519 0.20253164556962025 0.21518987341772153 0.22784810126582278 0.24050632911392406 0.25316455696202533 0.26582278481012656 0.27848101265822783 0.2911392405063291 0.3037974683544304 0.31645569620253167 0.3291139240506329 0.34177215189873417 0.35443037974683544 0.3670886075949367 0.379746835443038 0.3924050632911392 0.4050632911392405 0.4177215189873418 0.43037974683544306 0.4430379746835443 0.45569620253164556 0.46835443037974683 0.4810126582278481 0.4936708860759494 0.5063291139240507 0.5189873417721519 0.5316455696202531 0.5443037974683544 0.5569620253164557 0.569620253164557 0.5822784810126582 0.5949367088607594 0.6075949367088608 0.620253164556962 0.6329113924050633 0.6455696202531646 0.6582278481012658 0.6708860759493671 0.6835443037974683 0.6962025316455697 0.7088607594936709 0.7215189873417721 0.7341772151898734 0.7468354430379747 0.759493670886076 0.7721518987341772 0.7848101265822784 0.7974683544303798 0.810126582278481 0.8227848101265823 0.8354430379746836 0.8481012658227848 0.8607594936708861 0.8734177215189873 0.8860759493670886 0.8987341772151899 0.9113924050632911 0.9240506329113924 0.9367088607594937 0.9493670886075949 0.9620253164556962 0.9746835443037974 0.9873417721518988 1.0

429.25940860215053 431.14247311827955 431.14247311827955 433.02553763440864 435.8501344086022 438.6747311827957 441.49932795698925 441.81317204301075 443.3823924731183 444.3239247311828
136.7515255376344 135.18230510752687 138.0069018817204 143.6560954301075 138.63459005376342 135.49614919354838 134.55461693548386 139.57612231182793 143.6560954301075 143.342251344086
0.0 0.1111111111111111 0.2222222222222222 0.3333333333333333 0.4444444444444444 0.5555555555555556 0.6666666666666666 0.7777777777777778 0.8888888888888888 1.0
0.0 0.012658227848101266 0.02531645569620253 0.0379746835443038 0.05063291139240506 0.06329113924050633 0.0759493670886076 0.08860759493670886 0.10126582278481013 0.11392405063291139 0.12658227848101267 0.13924050632911392 0.1518987341772152 0.16455696202531644 0.17721518987341772 0.189873417721519 0.20253164556962025 0.21518987341772153 0.22784810126582278 0.24050632911392406 0.25316455696202533 0.26582278481012656 0.27848101265822783 0.2911392405063291 0.3037974683544304 0.31645569620253167 0.3291139240506329 0.34177215189873417 0.35443037974683544 0.3670886075949367 0.379746835443038 0.3924050632911392 0.4050632911392405 0.4177215189873418 0.43037974683544306 0.4430379746835443 0.45569620253164556 0.46835443037974683 0.4810126582278481 0.4936708860759494 0.5063291139240507 0.5189873417721519 0.5316455696202531 0.5443037974683544 0.5569620253164557 0.569620253164557 0.5822784810126582 0.5949367088607594 0.6075949367088608 0.620253164556962 0.6329113924050633 0.6455696202531646 0.6582278481012658 0.6708860759493671 0.6835443037974683 0.6962025316455697 0.7088607594936709 0.7215189873417721 0.7341772151898734 0.7468354430379747 0.759493670886076 0.7721518987341772 0.7848101265822784 0.7974683544303798 0.810126582278481 0.8227848101265823 0.8354430379746836 0.8481012658227848 0.8607594936708861 0.8734177215189873 0.8860759493670886 0.8987341772151899 0.9113924050632911 0.9240506329113924 0.9367088607594937 0.9493670886075949 0.9620253164556962 0.9746835443037974 0.9873417721518988 1.0

451.54233870967744 451.54233870967744 449.0315860215054 447.4623655913979 448.0900537634409 451.54233870967744 454.994623655914 455.9361559139785 456.25 456.877688172043 460.01612903225805 462.84072580645164 465.3514784946237 467.8622311827957 469.1176075268817 468.1760752688172 468.1760752688172 467.8622311827957 466.6068548387097 465.9791666666667 465.0376344086022
137.3792137096774 133.92692876344083 136.12383736559138 138.63459005376342 141.45918682795698 142.4007190860215 142.086875 137.6930577956989 135.49614919354838 138.94843413978492 141.7730309139785 141.7730309139785 139.26227822580643 137.6930577956989 136.12383736559138 139.26227822580643 143.96993951612902 150.56066532258063 157.46523521505375 163.42827284946236 170.01899865591395
0.0 0.05 0.1 0.15 0.2 0.25 0.3 0.35 0.4 0.45 0.5 0.55 0.6 0.65 0.7 0.75 0.8 0.85 0.9 0.95 1.0
0.0 0.012658227848101266 0.02531645569620253 0.0379746835443038 0.05063291139240506 0.06329113924050633 0.0759493670886076 0.08860759493670886 0.10126582278481013 0.11392405063291139 0.12658227848101267 0.13924050632911392 0.1518987341772152 0.16455696202531644 0.17721518987341772 0.189873417721519 0.20253164556962025 0.21518987341772153 0.22784810126582278 0.24050632911392406 0.25316455696202533 0.26582278481012656 0.27848101265822783 0.2911392405063291 0.3037974683544304 0.31645569620253167 0.3291139240506329 0.34177215189873417 0.35443037974683544 0.3670886075949367 0.379746835443038 0.3924050632911392 0.4050632911392405 0.4177215189873418 0.43037974683544306 0.4430379746835443 0.45569620253164556 0.46835443037974683 0.4810126582278481 0.4936708860759494 0.5063291139240507 0.5189873417721519 0.5316455696202531 0.5443037974683544 0.5569620253164557 0.569620253164557 0.5822784810126582 0.5949367088607594 0.6075949367088608 0.620253164556962 0.6329113924050633 0.6455696202531646 0.6582278481012658 0.6708860759493671 0.6835443037974683 0.6962025316455697 0.7088607594936709 0.7215189873417721 0.7341772151898734 0.7468354430379747 0.759493670886076 0.7721518987341772 0.7848101265822784 0.7974683544303798 0.810126582278481 0.8227848101265823 0.8354430379746836 0.8481012658227848 0.8607594936708861 0.8734177215189873 0.8860759493670886 0.8987341772151899 0.9113924050632911 0.9240506329113924 0.9367088607594937 0.9493670886075949 0.9620253164556962 0.9746835443037974 0.9873417721518988 1.0

470.37298387096774 472.5698924731183 474.1391129032258
127.65004704301074 128.59157930107526 129.21926747311826
0.0 0.5 1.0
0.0 0.012658227848101266 0.02531645569620253 0.0379746835443038 0.05063291139240506 0.06329113924050633 0.0759493670886076 0.08860759493670886 0.10126582278481013 0.11392405063291139 0.12658227848101267 0.13924050632911392 0.1518987341772152 0.16455696202531644 0.17721518987341772 0.189873417721519 0.20253164556962025 0.21518987341772153 0.22784810126582278 0.24050632911392406 0.25316455696202533 0.26582278481012656 0.27848101265822783 0.2911392405063291 0.3037974683544304 0.31645569620253167 0.3291139240506329 0.34177215189873417 0.35443037974683544 0.3670886075949367 0.379746835443038 0.3924050632911392 0.4050632911392405 0.4177215189873418 0.43037974683544306 0.4430379746835443 0.45569620253164556 0.46835443037974683 0.4810126582278481 0.4936708860759494 0.5063291139240507 0.5189873417721519 0.5316455696202531 0.5443037974683544 0.5569620253164557 0.569620253164557 0.5822784810126582 0.5949367088607594 0.6075949367088608 0.620253164556962 0.6329113924050633 0.6455696202531646 0.6582278481012658 0.6708860759493671 0.6835443037974683 0.6962025316455697 0.7088607594936709 0.7215189873417721 0.7341772151898734 0.7468354430379747 0.759493670886076 0.7721518987341772 0.7848101265822784 0.7974683544303798 0.810126582278481 0.8227848101265823 0.8354430379746836 0.8481012658227848 0.8607594936708861 0.8734177215189873 0.8860759493670886 0.8987341772151899 0.9113924050632911 0.9240506329113924 0.9367088607594937 0.9493670886075949 0.9620253164556962 0.9746835443037974 0.9873417721518988 1.0

482.29905913978496 479.4744623655914 478.8467741935484 479.1606182795699 484.4959677419355 489.20362903225805 493.28360215053766 492.02822580645164 489.20362903225805 488.88978494623655 492.02822580645164 495.1666666666667
123.88391801075267 132.6715524193548 139.88996639784943 146.16684811827955 148.36375672043008 145.85300403225804 140.20381048387094 134.55461693548386 135.18230510752687 141.14534274193545 147.42222446236556 150.87450940860214
0.0 0.09090909090909091 0.18181818181818182 0.2727272727272727 0.36363636363636365 0.45454545454545453 0.5454545454545454 0.6363636363636364 0.7272727272727273 0.8181818181818182 0.9090909090909091 1.0
0.0 0.012658227848101266 0.02531645569620253 0.0379746835443038 0.05063291139240506 0.06329113924050633 0.0759493670886076 0.08860759493670886 0.10126582278481013 0.11392405063291139 0.12658227848101267 0.13924050632911392 0.1518987341772152 0.16455696202531644 0.17721518987341772 0.189873417721519 0.20253164556962025 0.21518987341772153 0.22784810126582278 0.24050632911392406 0.25316455696202533 0.26582278481012656 0.27848101265822783 0.2911392405063291 0.3037974683544304 0.31645569620253167 0.3291139240506329 0.34177215189873417 0.35443037974683544 0.3670886075949367 0.379746835443038 0.3924050632911392 0.4050632911392405 0.4177215189873418 0.43037974683544306 0.4430379746835443 0.45569620253164556 0.46835443037974683 0.4810126582278481 0.4936708860759494 0.5063291139240507 0.5189873417721519 0.5316455696202531 0.5443037974683544 0.5569620253164557 0.569620253164557 0.5822784810126582 0.5949367088607594 0.6075949367088608 0.620253164556962 0.6329113924050633 0.6455696202531646 0.6582278481012658 0.6708860759493671 0.6835443037974683 0.6962025316455697 0.7088607594936709 0.7215189873417721 0.7341772151898734 0.7468354430379747 0.759493670886076 0.7721518987341772 0.7848101265822784 0.7974683544303798 0.810126582278481 0.8227848101265823 0.8354430379746836 0.8481012658227848 0.8607594936708861 0.8734177215189873 0.8860759493670886 0.8987341772151899 0.9113924050632911 0.9240506329113924 0.9367088607594937 0.9493670886075949 0.9620253164556962 0.9746835443037974 0.9873417721518988 1.0

504.8958333333333 504.8958333333333 504.2681451612903 503.6404569892473 502.3850806451613 499.24663978494624 499.87432795698925 503.0127688172043 506.1512096774194 511.48655913978496 513.6834677419355 514.3111559139785 514.3111559139785 509.91733870967744
137.0653696236559 143.6560954301075 149.61913306451612 157.77907930107526 163.42827284946236 161.5452083333333 156.20985887096774 148.36375672043008 140.20381048387094 135.18230510752687 135.18230510752687 139.57612231182793 145.53915994623654 147.10838037634406
0.0 0.07692307692307693 0.15384615384615385 0.23076923076923078 0.3076923076923077 0.38461538461538464 0.46153846153846156 0.5384615384615384 0.6153846153846154 0.6923076923076923 0.7692307692307693 0.8461538461538461 0.9230769230769231 1.0
0.0 0.012658227848101266 0.02531645569620253 0.0379746835443038 0.05063291139240506 0.06329113924050633 0.0759493670886076 0.08860759493670886 0.10126582278481013 0.11392405063291139 0.12658227848101267 0.13924050632911392 0.1518987341772152 0.16455696202531644 0.17721518987341772 0.189873417721519 0.20253164556962025 0.21518987341772153 0.22784810126582278 0.24050632911392406 0.25316455696202533 0.26582278481012656 0.27848101265822783 0.2911392405063291 0.3037974683544304 0.31645569620253167 0.3291139240506329 0.34177215189873417 0.35443037974683544 0.3670886075949367 0.379746835443038 0.3924050632911392 0.4050632911392405 0.4177215189873418 0.43037974683544306 0.4430379746835443 0.45569620253164556 0.46835443037974683 0.4810126582278481 0.4936708860759494 0.5063291139240507 0.5189873417721519 0.5316455696202531 0.5443037974683544 0.5569620253164557 0.569620253164557 0.5822784810126582 0.5949367088607594 0.6075949367088608 0.620253164556962 0.6329113924050633 0.6455696202531646 0.6582278481012658 0.6708860759493671 0.6835443037974683 0.6962025316455697 0.7088607594936709 0.7215189873417721 0.7341772151898734 0.7468354430379747 0.759493670886076 0.7721518987341772 0.7848101265822784 0.7974683544303798 0.810126582278481 0.8227848101265823 0.8354430379746836 0.8481012658227848 0.8607594936708861 0.8734177215189873 0.8860759493670886 0.8987341772151899 0.9113924050632911 0.9240506329113924 0.9367088607594937 0.9493670886075949 0.9620253164556962 0.9746835443037974 0.9873417721518988 1.0

518.0772849462365 520.9018817204301 520.5880376344087 521.5295698924731
133.92692876344083 137.3792137096774 141.45918682795698 145.85300403225804
0.0 0.3333333333333333 0.6666666666666666 1.0
0.0 0.012658227848101266 0.02531645569620253 0.0379746835443038 0.05063291139240506 0.06329113924050633 0.0759493670886076 0.08860759493670886 0.10126582278481013 0.11392405063291139 0.12658227848101267 0.13924050632911392 0.1518987341772152 0.16455696202531644 0.17721518987341772 0.189873417721519 0.20253164556962025 0.21518987341772153 0.22784810126582278 0.24050632911392406 0.25316455696202533 0.26582278481012656 0.27848101265822783 0.2911392405063291 0.3037974683544304 0.31645569620253167 0.3291139240506329 0.34177215189873417 0.35443037974683544 0.3670886075949367 0.379746835443038 0.3924050632911392 0.4050632911392405 0.4177215189873418 0.43037974683544306 0.4430379746835443 0.45569620253164556 0.46835443037974683 0.4810126582278481 0.4936708860759494 0.5063291139240507 0.5189873417721519 0.5316455696202531 0.5443037974683544 0.5569620253164557 0.569620253164557 0.5822784810126582 0.5949367088607594 0.6075949367088608 0.620253164556962 0.6329113924050633 0.6455696202531646 0.6582278481012658 0.6708860759493671 0.6835443037974683 0.6962025316455697 0.7088607594936709 0.7215189873417721 0.7341772151898734 0.7468354430379747 0.759493670886076 0.7721518987341772 0.7848101265822784 0.7974683544303798 0.810126582278481 0.8227848101265823 0.8354430379746836 0.8481012658227848 0.8607594936708861 0.8734177215189873 0.8860759493670886 0.8987341772151899 0.9113924050632911 0.9240506329113924 0.9367088607594937 0.9493670886075949 0.9620253164556962 0.9746835443037974 0.9873417721518988 1.0

520.2741935483871 522.1572580645161 525.2956989247311 530.0033602150538 535.0248655913979 537.5356182795699 534.7110215053764 532.8279569892472 534.3971774193549 539.1048387096774 542.8709677419356 544.1263440860216 546.0094086021506 547.578629032258 550.4032258064517 553.2278225806451 555.7385752688172 557.3077956989248 557.9354838709678 558.5631720430108 558.2493279569892 557.9354838709678 557.6216397849462
138.3207459677419 133.61308467741932 132.6715524193548 133.61308467741932 135.49614919354838 135.80999327956988 140.83149865591395 143.96993951612902 147.73606854838707 146.16684811827955 140.83149865591395 138.3207459677419 134.55461693548386 138.3207459677419 138.94843413978492 135.80999327956988 133.61308467741932 132.0438642473118 140.20381048387094 153.38526209677417 163.74211693548386 175.66819220430105 185.0835147849462
0.0 0.045454545454545456 0.09090909090909091 0.13636363636363635 0.18181818181818182 0.22727272727272727 0.2727272727272727 0.3181818181818182 0.36363636363636365 0.4090909090909091 0.45454545454545453 0.5 0.5454545454545454 0.5909090909090909 0.6363636363636364 0.6818181818181818 0.7272727272727273 0.7727272727272727 0.8181818181818182 0.8636363636363636 0.9090909090909091 0.9545454545454546 1.0
0.0 0.012658227848101266 0.02531645569620253 0.0379746835443038 0.05063291139240506 0.06329113924050633 0.0759493670886076 0.08860759493670886 0.10126582278481013 0.11392405063291139 0.12658227848101267 0.13924050632911392 0.1518987341772152 0.16455696202531644 0.17721518987341772 0.189873417721519 0.20253164556962025 0.21518987341772153 0.22784810126582278 0.24050632911392406 0.25316455696202533 0.26582278481012656 0.27848101265822783 0.2911392405063291 0.3037974683544304 0.31645569620253167 0.3291139240506329 0.34177215189873417 0.35443037974683544 0.3670886075949367 0.379746835443038 0.3924050632911392 0.4050632911392405 0.4177215189873418 0.43037974683544306 0.4430379746835443 0.45569620253164556 0.46835443037974683 0.4810126582278481 0.4936708860759494 0.5063291139240507 0.5189873417721519 0.5316455696202531 0.5443037974683544 0.5569620253164557 0.569620253164557 0.5822784810126582 0.5949367088607594 0.6075949367088608 0.620253164556962 0.6329113924050633 0.6455696202531646 0.6582278481012658 0.6708860759493671 0.6835443037974683 0.6962025316455697 0.7088607594936709 0.7215189873417721 0.7341772151898734 0.7468354430379747 0.759493670886076 0.7721518987341772 0.7848101265822784 0.7974683544303798 0.810126582278481 0.8227848101265823 0.8354430379746836 0.8481012658227848 0.8607594936708861 0.8734177215189873 0.8860759493670886 0.8987341772151899 0.9113924050632911 0.9240506329113924 0.9367088607594937 0.9493670886075949 0.9620253164556962 0.9746835443037974 0.9873417721518988 1.0

126.08602150537635 125.77217741935485 127.02755376344086
217.09561155913977 220.86174059139782 224.3140255376344
0.0 0.5 1.0
0.0 0.012658227848101266 0.02531645569620253 0.0379746835443038 0.05063291139240506 0.06329113924050633 0.0759493670886076 0.08860759493670886 0.10126582278481013 0.11392405063291139 0.12658227848101267 0.13924050632911392 0.1518987341772152 0.16455696202531644 0.17721518987341772 0.189873417721519 0.20253164556962025 0.21518987341772153 0.22784810126582278 0.24050632911392406 0.25316455696202533 0.26582278481012656 0.27848101265822783 0.2911392405063291 0.3037974683544304 0.31645569620253167 0.3291139240506329 0.34177215189873417 0.35443037974683544 0.3670886075949367 0.379746835443038 0.3924050632911392 0.4050632911392405 0.4177215189873418 0.43037974683544306 0.4430379746835443 0.45569620253164556 0.46835443037974683 0.4810126582278481 0.4936708860759494 0.5063291139240507 0.5189873417721519 0.5316455696202531 0.5443037974683544 0.5569620253164557 0.569620253164557 0.5822784810126582 0.5949367088607594 0.6075949367088608 0.620253164556962 0.6329113924050633 0.6455696202531646 0.6582278481012658 0.6708860759493671 0.6835443037974683 0.6962025316455697 0.7088607594936709 0.7215189873417721 0.7341772151898734 0.7468354430379747 0.759493670886076 0.7721518987341772 0.7848101265822784 0.7974683544303798 0.810126582278481 0.8227848101265823 0.8354430379746836 0.8481012658227848 0.8607594936708861 0.8734177215189873 0.8860759493670886 0.8987341772151899 0.9113924050632911 0.9240506329113924 0.9367088607594937 0.9493670886075949 0.9620253164556962 0.9746835443037974 0.9873417721518988 1.0

120.12298387096774 121.37836021505377 121.06451612903227 122.00604838709678 121.69220430107528
233.72934811827955 238.43700940860214 248.7938642473118 260.092251344086 273.2737029569892
0.0 0.25 0.5 0.75 1.0
0.0 0.012658227848101266 0.02531645569620253 0.0379746835443038 0.05063291139240506 0.06329113924050633 0.0759493670886076 0.08860759493670886 0.10126582278481013 0.11392405063291139 0.12658227848101267 0.13924050632911392 0.1518987341772152 0.16455696202531644 0.17721518987341772 0.189873417721519 0.20253164556962025 0.21518987341772153 0.22784810126582278 0.24050632911392406 0.25316455696202533 0.26582278481012656 0.27848101265822783 0.2911392405063291 0.3037974683544304 0.31645569620253167 0.3291139240506329 0.34177215189873417 0.35443037974683544 0.3670886075949367 0.379746835443038 0.3924050632911392 0.4050632911392405 0.4177215189873418 0.43037974683544306 0.4430379746835443 0.45569620253164556 0.46835443037974683 0.4810126582278481 0.4936708860759494 0.5063291139240507 0.5189873417721519 0.5316455696202531 0.5443037974683544 0.5569620253164557 0.569620253164557 0.5822784810126582 0.5949367088607594 0.6075949367088608 0.620253164556962 0.6329113924050633 0.6455696202531646 0.6582278481012658 0.6708860759493671 0.6835443037974683 0.6962025316455697 0.7088607594936709 0.7215189873417721 0.7341772151898734 0.7468354430379747 0.759493670886076 0.7721518987341772 0.7848101265822784 0.7974683544303798 0.810126582278481 0.8227848101265823 0.8354430379746836 0.8481012658227848 0.8607594936708861 0.8734177215189873 0.8860759493670886 0.8987341772151899 0.9113924050632911 0.9240506329113924 0.9367088607594937 0.9493670886075949 0.9620253164556962 0.9746835443037974 0.9873417721518988 1.0

142.71975806451616 139.5813172043011 138.63978494623657 140.5228494623656 137.38440860215053 132.36290322580646 130.47983870967744 132.36290322580646 136.1290322580645 139.5813172043011 138.63978494623657 136.1290322580645 131.73521505376345
253.1876814516129 253.1876814516129 249.10770833333333 247.22464381720428 246.28311155913977 243.4585147849462 238.75085349462364 235.2985685483871 233.72934811827955 236.5539448924731 240.63391801075267 240.94776209677417 240.63391801075267
0.0 0.08333333333333333 0.16666666666666666 0.25 0.3333333333333333 0.4166666666666667 0.5 0.5833333333333334 0.6666666666666666 0.75 0.8333333333333334 0.9166666666666666 1.0
0.0 0.012658227848101266 0.02531645569620253 0.0379746835443038 0.05063291139240506 0.06329113924050633 0.0759493670886076 0.08860759493670886 0.10126582278481013 0.11392405063291139 0.12658227848101267 0.13924050632911392 0.1518987341772152 0.16455696202531644 0.17721518987341772 0.189873417721519 0.20253164556962025 0.21518987341772153 0.22784810126582278 0.24050632911392406 0.25316455696202533 0.26582278481012656 0.27848101265822783 0.2911392405063291 0.3037974683544304 0.31645569620253167 0.3291139240506329 0.34177215189873417 0.35443037974683544 0.3670886075949367 0.379746835443038 0.3924050632911392 0.4050632911392405 0.4177215189873418 0.43037974683544306 0.4430379746835443 0.45569620253164556 0.46835443037974683 0.4810126582278481 0.4936708860759494 0.5063291139240507 0.5189873417721519 0.5316455696202531 0.5443037974683544 0.5569620253164557 0.569620253164557 0.5822784810126582 0.5949367088607594 0.6075949367088608 0.620253164556962 0.6329113924050633 0.6455696202531646 0.6582278481012658 0.6708860759493671 0.6835443037974683 0.6962025316455697 0.7088607594936709 0.7215189873417721 0.7341772151898734 0.7468354430379747 0.759493670886076 0.7721518987341772 0.7848101265822784 0.7974683544303798 0.810126582278481 0.8227848101265823 0.8354430379746836 0.8481012658227848 0.8607594936708861 0.8734177215189873 0.8860759493670886 0.8987341772151899 0.9113924050632911 0.9240506329113924 0.9367088607594937 0.9493670886075949 0.9620253164556962 0.9746835443037974 0.9873417721518988 1.0

145.5443548387097 150.56586021505376 155.58736559139786 154.64583333333334 153.39045698924733 154.95967741935485 159.35349462365593 163.11962365591398 165.002688172043 164.375
234.6708803763441 235.6124126344086 236.2401008064516 241.88929435483868 246.91079973118278 249.42155241935484 246.28311155913977 241.57545026881718 238.12316532258063 234.9847244623656
0.0 0.1111111111111111 0.2222222222222222 0.3333333333333333 0.4444444444444444 0.5555555555555556 0.6666666666666666 0.7777777777777778 0.8888888888888888 1.0
0.0 0.012658227848101266 0.02531645569620253 0.0379746835443038 0.05063291139240506 0.06329113924050633 0.0759493670886076 0.08860759493670886 0.10126582278481013 0.11392405063291139 0.12658227848101267 0.13924050632911392 0.1518987341772152 0.16455696202531644 0.17721518987341772 0.189873417721519 0.20253164556962025 0.21518987341772153 0.22784810126582278 0.24050632911392406 0.25316455696202533 0.26582278481012656 0.27848101265822783 0.2911392405063291 0.3037974683544304 0.31645569620253167 0.3291139240506329 0.34177215189873417 0.35443037974683544 0.3670886075949367 0.379746835443038 0.3924050632911392 0.4050632911392405 0.4177215189873418 0.43037974683544306 0.4430379746835443 0.45569620253164556 0.46835443037974683 0.4810126582278481 0.4936708860759494 0.5063291139240507 0.5189873417721519 0.5316455696202531 0.5443037974683544 0.5569620253164557 0.569620253164557 0.5822784810126582 0.5949367088607594 0.6075949367088608 0.620253164556962 0.6329113924050633 0.6455696202531646 0.6582278481012658 0.6708860759493671 0.6835443037974683 0.6962025316455697 0.7088607594936709 0.7215189873417721 0.7341772151898734 0.7468354430379747 0.759493670886076 0.7721518987341772 0.7848101265822784 0.7974683544303798 0.810126582278481 0.8227848101265823 0.8354430379746836 0.8481012658227848 0.8607594936708861 0.8734177215189873 0.8860759493670886 0.8987341772151899 0.9113924050632911 0.9240506329113924 0.9367088607594937 0.9493670886075949 0.9620253164556962 0.9746835443037974 0.9873417721518988 1.0

164.6888440860215 165.3165322580645 167.51344086021507 171.90725806451613 173.16263440860217 174.7318548387097 173.79032258064518 173.79032258064518 174.10416666666669 173.79032258064518 172.84879032258064
234.9847244623656 238.43700940860214 241.88929435483868 240.63391801075267 238.43700940860214 236.86778897849462 243.1446706989247 249.73539650537634 255.0707459677419 261.0337836021505 266.3691330645161
0.0 0.1 0.2 0.3 0.4 0.5 0.6 0.7 0.8 0.9 1.0
0.0 0.012658227848101266 0.02531645569620253 0.0379746835443038 0.05063291139240506 0.06329113924050633 0.0759493670886076 0.08860759493670886 0.10126582278481013 0.11392405063291139 0.12658227848101267 0.13924050632911392 0.1518987341772152 0.16455696202531644 0.17721518987341772 0.189873417721519 0.20253164556962025 0.21518987341772153 0.22784810126582278 0.24050632911392406 0.25316455696202533 0.26582278481012656 0.27848101265822783 0.2911392405063291 0.3037974683544304 0.31645569620253167 0.3291139240506329 0.34177215189873417 0.35443037974683544 0.3670886075949367 0.379746835443038 0.3924050632911392 0.4050632911392405 0.4177215189873418 0.43037974683544306 0.4430379746835443 0.45569620253164556 0.46835443037974683 0.4810126582278481 0.4936708860759494 0.5063291139240507 0.5189873417721519 0.5316455696202531 0.5443037974683544 0.5569620253164557 0.569620253164557 0.5822784810126582 0.5949367088607594 0.6075949367088608 0.620253164556962 0.6329113924050633 0.6455696202531646 0.6582278481012658 0.6708860759493671 0.6835443037974683 0.6962025316455697 0.7088607594936709 0.7215189873417721 0.7341772151898734 0.7468354430379747 0.759493670886076 0.7721518987341772 0.7848101265822784 0.7974683544303798 0.810126582278481 0.8227848101265823 0.8354430379746836 0.8481012658227848 0.8607594936708861 0.8734177215189873 0.8860759493670886 0.8987341772151899 0.9113924050632911 0.9240506329113924 0.9367088607594937 0.9493670886075949 0.9620253164556962 0.9746835443037974 0.9873417721518988 1.0

180.38104838709677 181.0087365591398 181.3225806451613 181.6364247311828 183.51948924731184 185.08870967741936 187.2856182795699 188.54099462365593 188.54099462365593 188.22715053763443 189.79637096774195 192.934811827957 196.38709677419357
222.43096102150537 229.64937499999996 236.5539448924731 240.63391801075267 243.7723588709677 240.00622983870966 235.9262567204301 232.78781586021503 229.64937499999996 234.9847244623656 238.43700940860214 239.69238575268815 241.57545026881718
0.0 0.08333333333333333 0.16666666666666666 0.25 0.3333333333333333 0.4166666666666667 0.5 0.5833333333333334 0.6666666666666666 0.75 0.8333333333333334 0.9166666666666666 1.0
0.0 0.012658227848101266 0.02531645569620253 0.0379746835443038 0.05063291139240506 0.06329113924050633 0.0759493670886076 0.08860759493670886 0.10126582278481013 0.11392405063291139 0.12658227848101267 0.13924050632911392 0.1518987341772152 0.16455696202531644 0.17721518987341772 0.189873417721519 0.20253164556962025 0.21518987341772153 0.22784810126582278 0.24050632911392406 0.25316455696202533 0.26582278481012656 0.27848101265822783 0.2911392405063291 0.3037974683544304 0.31645569620253167 0.3291139240506329 0.34177215189873417 0.35443037974683544 0.3670886075949367 0.379746835443038 0.3924050632911392 0.4050632911392405 0.4177215189873418 0.43037974683544306 0.4430379746835443 0.45569620253164556 0.46835443037974683 0.4810126582278481 0.4936708860759494 0.5063291139240507 0.5189873417721519 0.5316455696202531 0.5443037974683544 0.5569620253164557 0.569620253164557 0.5822784810126582 0.5949367088607594 0.6075949367088608 0.620253164556962 0.6329113924050633 0.6455696202531646 0.6582278481012658 0.6708860759493671 0.6835443037974683 0.6962025316455697 0.7088607594936709 0.7215189873417721 0.7341772151898734 0.7468354430379747 0.759493670886076 0.7721518987341772 0.7848101265822784 0.7974683544303798 0.810126582278481 0.8227848101265823 0.8354430379746836 0.8481012658227848 0.8607594936708861 0.8734177215189873 0.8860759493670886 0.8987341772151899 0.9113924050632911 0.9240506329113924 0.9367088607594937 0.9493670886075949 0.9620253164556962 0.9746835443037974 0.9873417721518988 1.0

249.74059139784947 252.565188172043 252.565188172043 252.565188172043 253.19287634408602 253.19287634408602 250.36827956989248 250.05443548387098 250.9959677419355 254.13440860215056 256.64516129032256 259.4697580645161 262.6081989247312 264.8051075268817 264.8051075268817 264.8051075268817 266.37432795698925 270.45430107526886 273.9065860215054 274.5342741935484 274.5342741935484 275.78965053763443 278.30040322580646
231.2185954301075 235.6124126344086 243.1446706989247 251.93230510752687 260.719939516129 265.4276008064516 259.15071908602147 253.5015255376344 245.65542338709676 238.12316532258063 232.78781586021503 230.27706317204297 231.2185954301075 235.2985685483871 239.37854166666665 242.5169825268817 236.5539448924731 233.10165994623654 231.53243951612902 236.5539448924731 239.69238575268815 236.5539448924731 231.84628360215052
0.0 0.045454545454545456 0.09090909090909091 0.13636363636363635 0.18181818181818182 0.22727272727272727 0.2727272727272727 0.3181818181818182 0.36363636363636365 0.4090909090909091 0.45454545454545453 0.5 0.5454545454545454 0.5909090909090909 0.6363636363636364 0.6818181818181818 0.7272727272727273 0.7727272727272727 0.8181818181818182 0.8636363636363636 0.9090909090909091 0.9545454545454546 1.0
0.0 0.012658227848101266 0.02531645569620253 0.0379746835443038 0.05063291139240506 0.06329113924050633 0.0759493670886076 0.08860759493670886 0.10126582278481013 0.11392405063291139 0.12658227848101267 0.13924050632911392 0.1518987341772152 0.16455696202531644 0.17721518987341772 0.189873417721519 0.20253164556962025 0.21518987341772153 0.22784810126582278 0.24050632911392406 0.25316455696202533 0.26582278481012656 0.27848101265822783 0.2911392405063291 0.3037974683544304 0.31645569620253167 0.3291139240506329 0.34177215189873417 0.35443037974683544 0.3670886075949367 0.379746835443038 0.3924050632911392 0.4050632911392405 0.4177215189873418 0.43037974683544306 0.4430379746835443 0.45569620253164556 0.46835443037974683 0.4810126582278481 0.4936708860759494 0.5063291139240507 0.5189873417721519 0.5316455696202531 0.5443037974683544 0.5569620253164557 0.569620253164557 0.5822784810126582 0.5949367088607594 0.6075949367088608 0.620253164556962 0.6329113924050633 0.6455696202531646 0.6582278481012658 0.6708860759493671 0.6835443037974683 0.6962025316455697 0.7088607594936709 0.7215189873417721 0.7341772151898734 0.7468354430379747 0.759493670886076 0.7721518987341772 0.7848101265822784 0.7974683544303798 0.810126582278481 0.8227848101265823 0.8354430379746836 0.8481012658227848 0.8607594936708861 0.8734177215189873 0.8860759493670886 0.8987341772151899 0.9113924050632911 0.9240506329113924 0.9367088607594937 0.9493670886075949 0.9620253164556962 0.9746835443037974 0.9873417721518988 1.0

292.7372311827957 289.9126344086022 288.65725806451616 287.08803763440864 286.46034946236557 286.77419354838713 290.5403225806452 293.9926075268817 298.0725806451613 297.4448924731183 294.62029569892474 292.1095430107527
232.47397177419353 230.27706317204297 231.53243951612902 232.16012768817203 234.35703629032255 239.06469758064515 241.26160618279567 240.32007392473116 237.18163306451612 233.41550403225804 229.64937499999996 229.33553091397846
0.0 0.09090909090909091 0.18181818181818182 0.2727272727272727 0.36363636363636365 0.45454545454545453 0.5454545454545454 0.6363636363636364 0.7272727272727273 0.8181818181818182 0.9090909090909091 1.0
0.0 0.012658227848101266 0.02531645569620253 0.0379746835443038 0.05063291139240506 0.06329113924050633 0.0759493670886076 0.08860759493670886 0.10126582278481013 0.11392405063291139 0.12658227848101267 0.13924050632911392 0.1518987341772152 0.16455696202531644 0.17721518987341772 0.189873417721519 0.20253164556962025 0.21518987341772153 0.22784810126582278 0.24050632911392406 0.25316455696202533 0.26582278481012656 0.27848101265822783 0.2911392405063291 0.3037974683544304 0.31645569620253167 0.3291139240506329 0.34177215189873417 0.35443037974683544 0.3670886075949367 0.379746835443038 0.3924050632911392 0.4050632911392405 0.4177215189873418 0.43037974683544306 0.4430379746835443 0.45569620253164556 0.46835443037974683 0.4810126582278481 0.4936708860759494 0.5063291139240507 0.5189873417721519 0.5316455696202531 0.5443037974683544 0.5569620253164557 0.569620253164557 0.5822784810126582 0.5949367088607594 0.6075949367088608 0.620253164556962 0.6329113924050633 0.6455696202531646 0.6582278481012658 0.6708860759493671 0.6835443037974683 0.6962025316455697 0.7088607594936709 0.7215189873417721 0.7341772151898734 0.7468354430379747 0.759493670886076 0.7721518987341772 0.7848101265822784 0.7974683544303798 0.810126582278481 0.8227848101265823 0.8354430379746836 0.8481012658227848 0.8607594936708861 0.8734177215189873 0.8860759493670886 0.8987341772151899 0.9113924050632911 0.9240506329113924 0.9367088607594937 0.9493670886075949 0.9620253164556962 0.9746835443037974 0.9873417721518988 1.0

305.29099462365593 301.8387096774194 300.5833333333333 301.5248655913979 305.29099462365593 309.057123655914 310.3125 312.50940860215053 312.82325268817203
229.02168682795696 230.27706317204297 233.10165994623654 237.49547715053762 239.06469758064515 236.5539448924731 234.04319220430105 230.904751344086 227.76631048387094
0.0 0.125 0.25 0.375 0.5 0.625 0.75 0.875 1.0
0.0 0.012658227848101266 0.02531645569620253 0.0379746835443038 0.05063291139240506 0.06329113924050633 0.0759493670886076 0.08860759493670886 0.10126582278481013 0.11392405063291139 0.12658227848101267 0.13924050632911392 0.1518987341772152 0.16455696202531644 0.17721518987341772 0.189873417721519 0.20253164556962025 0.21518987341772153 0.22784810126582278 0.24050632911392406 0.25316455696202533 0.26582278481012656 0.27848101265822783 0.2911392405063291 0.3037974683544304 0.31645569620253167 0.3291139240506329 0.34177215189873417 0.35443037974683544 0.3670886075949367 0.379746835443038 0.3924050632911392 0.4050632911392405 0.4177215189873418 0.43037974683544306 0.4430379746835443 0.45569620253164556 0.46835443037974683 0.4810126582278481 0.4936708860759494 0.5063291139240507 0.5189873417721519 0.5316455696202531 0.5443037974683544 0.5569620253164557 0.569620253164557 0.5822784810126582 0.5949367088607594 0.6075949367088608 0.620253164556962 0.6329113924050633 0.6455696202531646 0.6582278481012658 0.6708860759493671 0.6835443037974683 0.6962025316455697 0.7088607594936709 0.7215189873417721 0.7341772151898734 0.7468354430379747 0.759493670886076 0.7721518987341772 0.7848101265822784 0.7974683544303798 0.810126582278481 0.8227848101265823 0.8354430379746836 0.8481012658227848 0.8607594936708861 0.8734177215189873 0.8860759493670886 0.8987341772151899 0.9113924050632911 0.9240506329113924 0.9367088607594937 0.9493670886075949 0.9620253164556962 0.9746835443037974 0.9873417721518988 1.0

312.50940860215053 312.195564516129 312.195564516129 311.8817204301075 312.50940860215053 312.50940860215053 314.07862903225805 315.96169354838713 318.15860215053766 320.6693548387097 322.2385752688172 324.12163978494624 326.6323924731183 327.2600806451613 327.8877688172043 329.4569892473118 332.9092741935484 334.79233870967744
227.13862231182793 232.16012768817203 238.75085349462364 244.0862029569892 251.61846102150537 256.0122782258064 261.347627688172 254.4430577956989 248.1661760752688 242.8308266129032 236.86778897849462 232.47397177419353 230.27706317204297 232.78781586021503 239.37854166666665 236.86778897849462 231.84628360215052 228.39399865591395
0.0 0.058823529411764705 0.11764705882352941 0.17647058823529413 0.23529411764705882 0.29411764705882354 0.35294117647058826 0.4117647058823529 0.47058823529411764 0.5294117647058824 0.5882352941176471 0.6470588235294118 0.7058823529411765 0.7647058823529411 0.8235294117647058 0.8823529411764706 0.9411764705882353 1.0
0.0 0.012658227848101266 0.02531645569620253 0.0379746835443038 0.05063291139240506 0.06329113924050633 0.0759493670886076 0.08860759493670886 0.10126582278481013 0.11392405063291139 0.12658227848101267 0.13924050632911392 0.1518987341772152 0.16455696202531644 0.17721518987341772 0.189873417721519 0.20253164556962025 0.21518987341772153 0.22784810126582278 0.24050632911392406 0.25316455696202533 0.26582278481012656 0.27848101265822783 0.2911392405063291 0.3037974683544304 0.31645569620253167 0.3291139240506329 0.34177215189873417 0.35443037974683544 0.3670886075949367 0.379746835443038 0.3924050632911392 0.4050632911392405 0.4177215189873418 0.43037974683544306 0.4430379746835443 0.45569620253164556 0.46835443037974683 0.4810126582278481 0.4936708860759494 0.5063291139240507 0.5189873417721519 0.5316455696202531 0.5443037974683544 0.5569620253164557 0.569620253164557 0.5822784810126582 0.5949367088607594 0.6075949367088608 0.620253164556962 0.6329113924050633 0.6455696202531646 0.6582278481012658 0.6708860759493671 0.6835443037974683 0.6962025316455697 0.7088607594936709 0.7215189873417721 0.7341772151898734 0.7468354430379747 0.759493670886076 0.7721518987341772 0.7848101265822784 0.7974683544303798 0.810126582278481 0.8227848101265823 0.8354430379746836 0.8481012658227848 0.8607594936708861 0.8734177215189873 0.8860759493670886 0.8987341772151899 0.9113924050632911 0.9240506329113924 0.9367088607594937 0.9493670886075949 0.9620253164556962 0.9746835443037974 0.9873417721518988 1.0

342.32459677419354 339.8138440860215 337.30309139784947 335.42002688172045 336.67540322580646 341.0692204301075 343.89381720430106 345.77688172043014 346.71841397849465 346.09072580645164 346.09072580645164 346.71841397849465 349.2291666666667 352.68145161290323
227.76631048387094 228.39399865591395 230.904751344086 233.41550403225804 238.43700940860214 238.12316532258063 235.2985685483871 233.10165994623654 229.02168682795696 227.76631048387094 230.59090725806448 235.9262567204301 237.80932123655913 240.94776209677417
0.0 0.07692307692307693 0.15384615384615385 0.23076923076923078 0.3076923076923077 0.38461538461538464 0.46153846153846156 0.5384615384615384 0.6153846153846154 0.6923076923076923 0.7692307692307693 0.8461538461538461 0.9230769230769231 1.0
0.0 0.012658227848101266 0.02531645569620253 0.0379746835443038 0.05063291139240506 0.06329113924050633 0.0759493670886076 0.08860759493670886 0.10126582278481013 0.11392405063291139 0.12658227848101267 0.13924050632911392 0.1518987341772152 0.16455696202531644 0.17721518987341772 0.189873417721519 0.20253164556962025 0.21518987341772153 0.22784810126582278 0.24050632911392406 0.25316455696202533 0.26582278481012656 0.27848101265822783 0.2911392405063291 0.3037974683544304 0.31645569620253167 0.3291139240506329 0.34177215189873417 0.35443037974683544 0.3670886075949367 0.379746835443038 0.3924050632911392 0.4050632911392405 0.4177215189873418 0.43037974683544306 0.4430379746835443 0.45569620253164556 0.46835443037974683 0.4810126582278481 0.4936708860759494 0.5063291139240507 0.5189873417721519 0.5316455696202531 0.5443037974683544 0.5569620253164557 0.569620253164557 0.5822784810126582 0.5949367088607594 0.6075949367088608 0.620253164556962 0.6329113924050633 0.6455696202531646 0.6582278481012658 0.6708860759493671 0.6835443037974683 0.6962025316455697 0.7088607594936709 0.7215189873417721 0.7341772151898734 0.7468354430379747 0.759493670886076 0.7721518987341772 0.7848101265822784 0.7974683544303798 0.810126582278481 0.8227848101265823 0.8354430379746836 0.8481012658227848 0.8607594936708861 0.8734177215189873 0.8860759493670886 0.8987341772151899 0.9113924050632911 0.9240506329113924 0.9367088607594937 0.9493670886075949 0.9620253164556962 0.9746835443037974 0.9873417721518988 1.0

358.3306451612903 358.9583333333333 358.6444892473118 359.8998655913979 360.8413978494624 362.7244623655914 363.97983870967744 365.86290322580646 370.2567204301075 371.82594086021504 373.70900537634407 378.1028225806452 380.2997311827957
228.70784274193545 232.47397177419353 235.2985685483871 239.06469758064515 234.6708803763441 231.84628360215052 230.904751344086 232.16012768817203 234.35703629032255 231.84628360215052 234.04319220430105 238.12316532258063 236.86778897849462
0.0 0.08333333333333333 0.16666666666666666 0.25 0.3333333333333333 0.4166666666666667 0.5 0.5833333333333334 0.6666666666666666 0.75 0.8333333333333334 0.9166666666666666 1.0
0.0 0.012658227848101266 0.02531645569620253 0.0379746835443038 0.05063291139240506 0.06329113924050633 0.0759493670886076 0.08860759493670886 0.10126582278481013 0.11392405063291139 0.12658227848101267 0.13924050632911392 0.1518987341772152 0.16455696202531644 0.17721518987341772 0.189873417721519 0.20253164556962025 0.21518987341772153 0.22784810126582278 0.24050632911392406 0.25316455696202533 0.26582278481012656 0.27848101265822783 0.2911392405063291 0.3037974683544304 0.31645569620253167 0.3291139240506329 0.34177215189873417 0.35443037974683544 0.3670886075949367 0.379746835443038 0.3924050632911392 0.4050632911392405 0.4177215189873418 0.43037974683544306 0.4430379746835443 0.45569620253164556 0.46835443037974683 0.4810126582278481 0.4936708860759494 0.5063291139240507 0.5189873417721519 0.5316455696202531 0.5443037974683544 0.5569620253164557 0.569620253164557 0.5822784810126582 0.5949367088607594 0.6075949367088608 0.620253164556962 0.6329113924050633 0.6455696202531646 0.6582278481012658 0.6708860759493671 0.6835443037974683 0.6962025316455697 0.7088607594936709 0.7215189873417721 0.7341772151898734 0.7468354430379747 0.759493670886076 0.7721518987341772 0.7848101265822784 0.7974683544303798 0.810126582278481 0.8227848101265823 0.8354430379746836 0.8481012658227848 0.8607594936708861 0.8734177215189873 0.8860759493670886 0.8987341772151899 0.9113924050632911 0.9240506329113924 0.9367088607594937 0.9493670886075949 0.9620253164556962 0.9746835443037974 0.9873417721518988 1.0

384.06586021505376 382.49663978494624 379.9858870967742 381.86895161290323 386.2627688172043 389.4012096774194 391.5981182795699 393.16733870967744 395.05040322580646 392.2258064516129 389.4012096774194 387.5181451612903 388.4596774193548 390.0288978494624
232.47397177419353 232.16012768817203 234.6708803763441 238.43700940860214 240.32007392473116 239.69238575268815 237.49547715053762 235.9262567204301 231.2185954301075 228.39399865591395 229.02168682795696 231.2185954301075 233.72934811827955 234.35703629032255
0.0 0.07692307692307693 0.15384615384615385 0.23076923076923078 0.3076923076923077 0.38461538461538464 0.46153846153846156 0.5384615384615384 0.6153846153846154 0.6923076923076923 0.7692307692307693 0.8461538461538461 0.9230769230769231 1.0
0.0 0.012658227848101266 0.02531645569620253 0.0379746835443038 0.05063291139240506 0.06329113924050633 0.0759493670886076 0.08860759493670886 0.10126582278481013 0.11392405063291139 0.12658227848101267 0.13924050632911392 0.1518987341772152 0.16455696202531644 0.17721518987341772 0.189873417721519 0.20253164556962025 0.21518987341772153 0.22784810126582278 0.24050632911392406 0.25316455696202533 0.26582278481012656 0.27848101265822783 0.2911392405063291 0.3037974683544304 0.31645569620253167 0.3291139240506329 0.34177215189873417 0.35443037974683544 0.3670886075949367 0.379746835443038 0.3924050632911392 0.4050632911392405 0.4177215189873418 0.43037974683544306 0.4430379746835443 0.45569620253164556 0.46835443037974683 0.4810126582278481 0.4936708860759494 0.5063291139240507 0.5189873417721519 0.5316455696202531 0.5443037974683544 0.5569620253164557 0.569620253164557 0.5822784810126582 0.5949367088607594 0.6075949367088608 0.620253164556962 0.6329113924050633 0.6455696202531646 0.6582278481012658 0.6708860759493671 0.6835443037974683 0.6962025316455697 0.7088607594936709 0.7215189873417721 0.7341772151898734 0.7468354430379747 0.759493670886076 0.7721518987341772 0.7848101265822784 0.7974683544303798 0.810126582278481 0.8227848101265823 0.8354430379746836 0.8481012658227848 0.8607594936708861 0.8734177215189873 0.8860759493670886 0.8987341772151899 0.9113924050632911 0.9240506329113924 0.9367088607594937 0.9493670886075949 0.9620253164556962 0.9746835443037974 0.9873417721518988 1.0

396.3057795698925 398.502688172043 400.38575268817203 399.4442204301075 399.4442204301075 401.64112903225805 402.89650537634407 404.15188172043014 406.03494623655916 409.1733870967742 410.1149193548387 412.93951612903226 416.3918010752688 418.2748655913979 417.0194892473118 414.8225806451613
232.47397177419353 230.904751344086 228.70784274193545 233.10165994623654 234.6708803763441 234.6708803763441 233.41550403225804 232.16012768817203 232.16012768817203 233.10165994623654 234.6708803763441 236.5539448924731 235.6124126344086 232.47397177419353 229.96321908602147 229.02168682795696
0.0 0.06666666666666667 0.13333333333333333 0.2 0.26666666666666666 0.3333333333333333 0.4 0.4666666666666667 0.5333333333333333 0.6 0.6666666666666666 0.7333333333333333 0.8 0.8666666666666667 0.9333333333333333 1.0
0.0 0.012658227848101266 0.02531645569620253 0.0379746835443038 0.05063291139240506 0.06329113924050633 0.0759493670886076 0.08860759493670886 0.10126582278481013 0.11392405063291139 0.12658227848101267 0.13924050632911392 0.1518987341772152 0.16455696202531644 0.17721518987341772 0.189873417721519 0.20253164556962025 0.21518987341772153 0.22784810126582278 0.24050632911392406 0.25316455696202533 0.26582278481012656 0.27848101265822783 0.2911392405063291 0.3037974683544304 0.31645569620253167 0.3291139240506329 0.34177215189873417 0.35443037974683544 0.3670886075949367 0.379746835443038 0.3924050632911392 0.4050632911392405 0.4177215189873418 0.43037974683544306 0.4430379746835443 0.45569620253164556 0.46835443037974683 0.4810126582278481 0.4936708860759494 0.5063291139240507 0.5189873417721519 0.5316455696202531 0.5443037974683544 0.5569620253164557 0.569620253164557 0.5822784810126582 0.5949367088607594 0.6075949367088608 0.620253164556962 0.6329113924050633 0.6455696202531646 0.6582278481012658 0.6708860759493671 0.6835443037974683 0.6962025316455697 0.7088607594936709 0.7215189873417721 0.7341772151898734 0.7468354430379747 0.759493670886076 0.7721518987341772 0.7848101265822784 0.7974683544303798 0.810126582278481 0.8227848101265823 0.8354430379746836 0.8481012658227848 0.8607594936708861 0.8734177215189873 0.8860759493670886 0.8987341772151899 0.9113924050632911 0.9240506329113924 0.9367088607594937 0.9493670886075949 0.9620253164556962 0.9746835443037974 0.9873417721518988 1.0

426.434811827957 426.7486559139785 424.86559139784947 422.35483870967744 419.5302419354839 420.7856182795699 423.29637096774195 426.1209677419355 428.317876344086 429.88709677419354 431.14247311827955 431.77016129032256 431.77016129032256 433.65322580645164 435.22244623655916 438.0470430107527 439.9301075268817 443.06854838709677 444.0100806451613 444.3239247311828 445.8931451612903 448.7177419354839 449.9731182795699 453.11155913978496 453.11155913978496 452.48387096774195 452.79771505376345 454.05309139784947
230.27706317204297 228.70784274193545 228.70784274193545 230.27706317204297 232.78781586021503 235.6124126344086 236.5539448924731 235.9262567204301 233.72934811827955 232.78781586021503 230.27706317204297 227.76631048387094 232.16012768817203 235.6124126344086 235.6124126344086 234.04319220430105 231.84628360215052 229.64937499999996 228.08015456989244 231.53243951612902 233.10165994623654 232.16012768817203 230.27706317204297 229.02168682795696 228.70784274193545 233.10165994623654 234.35703629032255 236.5539448924731
0.0 0.037037037037037035 0.07407407407407407 0.1111111111111111 0.14814814814814814 0.18518518518518517 0.2222222222222222 0.25925925925925924 0.2962962962962963 0.3333333333333333 0.37037037037037035 0.4074074074074074 0.4444444444444444 0.48148148148148145 0.5185185185185185 0.5555555555555556 0.5925925925925926 0.6296296296296297 0.6666666666666666 0.7037037037037037 0.7407407407407407 0.7777777777777778 0.8148148148148148 0.8518518518518519 0.8888888888888888 0.9259259259259259 0.9629629629629629 1.0
0.0 0.012658227848101266 0.02531645569620253 0.0379746835443038 0.05063291139240506 0.06329113924050633 0.0759493670886076 0.08860759493670886 0.10126582278481013 0.11392405063291139 0.12658227848101267 0.13924050632911392 0.1518987341772152 0.16455696202531644 0.17721518987341772 0.189873417721519 0.20253164556962025 0.21518987341772153 0.22784810126582278 0.24050632911392406 0.25316455696202533 0.26582278481012656 0.27848101265822783 0.2911392405063291 0.3037974683544304 0.31645569620253167 0.3291139240506329 0.34177215189873417 0.35443037974683544 0.3670886075949367 0.379746835443038 0.3924050632911392 0.4050632911392405 0.4177215189873418 0.43037974683544306 0.4430379746835443 0.45569620253164556 0.46835443037974683 0.4810126582278481 0.4936708860759494 0.5063291139240507 0.5189873417721519 0.5316455696202531 0.5443037974683544 0.5569620253164557 0.569620253164557 0.5822784810126582 0.5949367088607594 0.6075949367088608 0.620253164556962 0.6329113924050633 0.6455696202531646 0.6582278481012658 0.6708860759493671 0.6835443037974683 0.6962025316455697 0.7088607594936709 0.7215189873417721 0.7341772151898734 0.7468354430379747 0.759493670886076 0.7721518987341772 0.7848101265822784 0.7974683544303798 0.810126582278481 0.8227848101265823 0.8354430379746836 0.8481012658227848 0.8607594936708861 0.8734177215189873 0.8860759493670886 0.8987341772151899 0.9113924050632911 0.9240506329113924 0.9367088607594937 0.9493670886075949 0.9620253164556962 0.9746835443037974 0.9873417721518988 1.0

462.52688172043014 461.58534946236557 459.70228494623655 459.70228494623655 460.32997311827955 462.52688172043014
226.82477822580643 230.27706317204297 231.53243951612902 233.72934811827955 236.86778897849462 236.86778897849462
0.0 0.2 0.4 0.6 0.8 1.0
0.0 0.012658227848101266 0.02531645569620253 0.0379746835443038 0.05063291139240506 0.06329113924050633 0.0759493670886076 0.08860759493670886 0.10126582278481013 0.11392405063291139 0.12658227848101267 0.13924050632911392 0.1518987341772152 0.16455696202531644 0.17721518987341772 0.189873417721519 0.20253164556962025 0.21518987341772153 0.22784810126582278 0.24050632911392406 0.25316455696202533 0.26582278481012656 0.27848101265822783 0.2911392405063291 0.3037974683544304 0.31645569620253167 0.3291139240506329 0.34177215189873417 0.35443037974683544 0.3670886075949367 0.379746835443038 0.3924050632911392 0.4050632911392405 0.4177215189873418 0.43037974683544306 0.4430379746835443 0.45569620253164556 0.46835443037974683 0.4810126582278481 0.4936708860759494 0.5063291139240507 0.5189873417721519 0.5316455696202531 0.5443037974683544 0.5569620253164557 0.569620253164557 0.5822784810126582 0.5949367088607594 0.6075949367088608 0.620253164556962 0.6329113924050633 0.6455696202531646 0.6582278481012658 0.6708860759493671 0.6835443037974683 0.6962025316455697 0.7088607594936709 0.7215189873417721 0.7341772151898734 0.7468354430379747 0.759493670886076 0.7721518987341772 0.7848101265822784 0.7974683544303798 0.810126582278481 0.8227848101265823 0.8354430379746836 0.8481012658227848 0.8607594936708861 0.8734177215189873 0.8860759493670886 0.8987341772151899 0.9113924050632911 0.9240506329113924 0.9367088607594937 0.9493670886075949 0.9620253164556962 0.9746835443037974 0.9873417721518988 1.0

468.4899193548387 468.1760752688172
221.48942876344083 224.9417137096774
0.0 1.0
0.0 0.012658227848101266 0.02531645569620253 0.0379746835443038 0.05063291139240506 0.06329113924050633 0.0759493670886076 0.08860759493670886 0.10126582278481013 0.11392405063291139 0.12658227848101267 0.13924050632911392 0.1518987341772152 0.16455696202531644 0.17721518987341772 0.189873417721519 0.20253164556962025 0.21518987341772153 0.22784810126582278 0.24050632911392406 0.25316455696202533 0.26582278481012656 0.27848101265822783 0.2911392405063291 0.3037974683544304 0.31645569620253167 0.3291139240506329 0.34177215189873417 0.35443037974683544 0.3670886075949367 0.379746835443038 0.3924050632911392 0.4050632911392405 0.4177215189873418 0.43037974683544306 0.4430379746835443 0.45569620253164556 0.46835443037974683 0.4810126582278481 0.4936708860759494 0.5063291139240507 0.5189873417721519 0.5316455696202531 0.5443037974683544 0.5569620253164557 0.569620253164557 0.5822784810126582 0.5949367088607594 0.6075949367088608 0.620253164556962 0.6329113924050633 0.6455696202531646 0.6582278481012658 0.6708860759493671 0.6835443037974683 0.6962025316455697 0.7088607594936709 0.7215189873417721 0.7341772151898734 0.7468354430379747 0.759493670886076 0.7721518987341772 0.7848101265822784 0.7974683544303798 0.810126582278481 0.8227848101265823 0.8354430379746836 0.8481012658227848 0.8607594936708861 0.8734177215189873 0.8860759493670886 0.8987341772151899 0.9113924050632911 0.9240506329113924 0.9367088607594937 0.9493670886075949 0.9620253164556962 0.9746835443037974 0.9873417721518988 1.0

475.0806451612903 471.31451612903226 468.4899193548387 468.4899193548387 470.05913978494624 473.5114247311828 475.7083333333333 478.2190860215054 478.8467741935484 479.1606182795699 479.4744623655914 481.67137096774195 483.554435483871 484.182123655914
226.82477822580643 227.13862231182793 229.33553091397846 231.84628360215052 234.04319220430105 234.35703629032255 233.72934811827955 231.53243951612902 227.45246639784943 229.96321908602147 232.78781586021503 234.9847244623656 236.86778897849462 237.49547715053762
0.0 0.07692307692307693 0.15384615384615385 0.23076923076923078 0.3076923076923077 0.38461538461538464 0.46153846153846156 0.5384615384615384 0.6153846153846154 0.6923076923076923 0.7692307692307693 0.8461538461538461 0.9230769230769231 1.0
0.0 0.012658227848101266 0.02531645569620253 0.0379746835443038 0.05063291139240506 0.06329113924050633 0.0759493670886076 0.08860759493670886 0.10126582278481013 0.11392405063291139 0.12658227848101267 0.13924050632911392 0.1518987341772152 0.16455696202531644 0.17721518987341772 0.189873417721519 0.20253164556962025 0.21518987341772153 0.22784810126582278 0.24050632911392406 0.25316455696202533 0.26582278481012656 0.27848101265822783 0.2911392405063291 0.3037974683544304 0.31645569620253167 0.3291139240506329 0.34177215189873417 0.35443037974683544 0.3670886075949367 0.379746835443038 0.3924050632911392 0.4050632911392405 0.4177215189873418 0.43037974683544306 0.4430379746835443 0.45569620253164556 0.46835443037974683 0.4810126582278481 0.4936708860759494 0.5063291139240507 0.5189873417721519 0.5316455696202531 0.5443037974683544 0.5569620253164557 0.569620253164557 0.5822784810126582 0.5949367088607594 0.6075949367088608 0.620253164556962 0.6329113924050633 0.6455696202531646 0.6582278481012658 0.6708860759493671 0.6835443037974683 0.6962025316455697 0.7088607594936709 0.7215189873417721 0.7341772151898734 0.7468354430379747 0.759493670886076 0.7721518987341772 0.7848101265822784 0.7974683544303798 0.810126582278481 0.8227848101265823 0.8354430379746836 0.8481012658227848 0.8607594936708861 0.8734177215189873 0.8860759493670886 0.8987341772151899 0.9113924050632911 0.9240506329113924 0.9367088607594937 0.9493670886075949 0.9620253164556962 0.9746835443037974 0.9873417721518988 1.0

523.0987903225807 524.9818548387098 525.6095430107528 523.7264784946237
222.43096102150537 218.6648319892473 220.86174059139782 220.86174059139782
0.0 0.3333333333333333 0.6666666666666666 1.0
0.0 0.012658227848101266 0.02531645569620253 0.0379746835443038 0.05063291139240506 0.06329113924050633 0.0759493670886076 0.08860759493670886 0.10126582278481013 0.11392405063291139 0.12658227848101267 0.13924050632911392 0.1518987341772152 0.16455696202531644 0.17721518987341772 0.189873417721519 0.20253164556962025 0.21518987341772153 0.22784810126582278 0.24050632911392406 0.25316455696202533 0.26582278481012656 0.27848101265822783 0.2911392405063291 0.3037974683544304 0.31645569620253167 0.3291139240506329 0.34177215189873417 0.35443037974683544 0.3670886075949367 0.379746835443038 0.3924050632911392 0.4050632911392405 0.4177215189873418 0.43037974683544306 0.4430379746835443 0.45569620253164556 0.46835443037974683 0.4810126582278481 0.4936708860759494 0.5063291139240507 0.5189873417721519 0.5316455696202531 0.5443037974683544 0.5569620253164557 0.569620253164557 0.5822784810126582 0.5949367088607594 0.6075949367088608 0.620253164556962 0.6329113924050633 0.6455696202531646 0.6582278481012658 0.6708860759493671 0.6835443037974683 0.6962025316455697 0.7088607594936709 0.7215189873417721 0.7341772151898734 0.7468354430379747 0.759493670886076 0.7721518987341772 0.7848101265822784 0.7974683544303798 0.810126582278481 0.8227848101265823 0.8354430379746836 0.8481012658227848 0.8607594936708861 0.8734177215189873 0.8860759493670886 0.8987341772151899 0.9113924050632911 0.9240506329113924 0.9367088607594937 0.9493670886075949 0.9620253164556962 0.9746835443037974 0.9873417721518988 1.0

524.3541666666667 527.4926075268818
229.02168682795696 230.27706317204297
0.0 1.0
0.0 0.012658227848101266 0.02531645569620253 0.0379746835443038 0.05063291139240506 0.06329113924050633 0.0759493670886076 0.08860759493670886 0.10126582278481013 0.11392405063291139 0.12658227848101267 0.13924050632911392 0.1518987341772152 0.16455696202531644 0.17721518987341772 0.189873417721519 0.20253164556962025 0.21518987341772153 0.22784810126582278 0.24050632911392406 0.25316455696202533 0.26582278481012656 0.27848101265822783 0.2911392405063291 0.3037974683544304 0.31645569620253167 0.3291139240506329 0.34177215189873417 0.35443037974683544 0.3670886075949367 0.379746835443038 0.3924050632911392 0.4050632911392405 0.4177215189873418 0.43037974683544306 0.4430379746835443 0.45569620253164556 0.46835443037974683 0.4810126582278481 0.4936708860759494 0.5063291139240507 0.5189873417721519 0.5316455696202531 0.5443037974683544 0.5569620253164557 0.569620253164557 0.5822784810126582 0.5949367088607594 0.6075949367088608 0.620253164556962 0.6329113924050633 0.6455696202531646 0.6582278481012658 0.6708860759493671 0.6835443037974683 0.6962025316455697 0.7088607594936709 0.7215189873417721 0.7341772151898734 0.7468354430379747 0.759493670886076 0.7721518987341772 0.7848101265822784 0.7974683544303798 0.810126582278481 0.8227848101265823 0.8354430379746836 0.8481012658227848 0.8607594936708861 0.8734177215189873 0.8860759493670886 0.8987341772151899 0.9113924050632911 0.9240506329113924 0.9367088607594937 0.9493670886075949 0.9620253164556962 0.9746835443037974 0.9873417721518988 1.0

531.2587365591398 532.8279569892472 533.7694892473119 535.6525537634409
224.6278696236559 223.37249327956988 223.37249327956988 224.3140255376344
0.0 0.3333333333333333 0.6666666666666666 1.0
0.0 0.012658227848101266 0.02531645569620253 0.0379746835443038 0.05063291139240506 0.06329113924050633 0.0759493670886076 0.08860759493670886 0.10126582278481013 0.11392405063291139 0.12658227848101267 0.13924050632911392 0.1518987341772152 0.16455696202531644 0.17721518987341772 0.189873417721519 0.20253164556962025 0.21518987341772153 0.22784810126582278 0.24050632911392406 0.25316455696202533 0.26582278481012656 0.27848101265822783 0.2911392405063291 0.3037974683544304 0.31645569620253167 0.3291139240506329 0.34177215189873417 0.35443037974683544 0.3670886075949367 0.379746835443038 0.3924050632911392 0.4050632911392405 0.4177215189873418 0.43037974683544306 0.4430379746835443 0.45569620253164556 0.46835443037974683 0.4810126582278481 0.4936708860759494 0.5063291139240507 0.5189873417721519 0.5316455696202531 0.5443037974683544 0.5569620253164557 0.569620253164557 0.5822784810126582 0.5949367088607594 0.6075949367088608 0.620253164556962 0.6329113924050633 0.6455696202531646 0.6582278481012658 0.6708860759493671 0.6835443037974683 0.6962025316455697 0.7088607594936709 0.7215189873417721 0.7341772151898734 0.7468354430379747 0.759493670886076 0.7721518987341772 0.7848101265822784 0.7974683544303798 0.810126582278481 0.8227848101265823 0.8354430379746836 0.8481012658227848 0.8607594936708861 0.8734177215189873 0.8860759493670886 0.8987341772151899 0.9113924050632911 0.9240506329113924 0.9367088607594937 0.9493670886075949 0.9620253164556962 0.9746835443037974 0.9873417721518988 1.0

542.557123655914 543.4986559139786 545.067876344086 545.067876344086 545.067876344086 544.7540322580646 543.8125 541.6155913978495
213.3294825268817 218.03714381720428 221.80327284946236 224.0001814516129 227.13862231182793 230.59090725806448 231.84628360215052 235.2985685483871
0.0 0.14285714285714285 0.2857142857142857 0.42857142857142855 0.5714285714285714 0.7142857142857143 0.8571428571428571 1.0
0.0 0.012658227848101266 0.02531645569620253 0.0379746835443038 0.05063291139240506 0.06329113924050633 0.0759493670886076 0.08860759493670886 0.10126582278481013 0.11392405063291139 0.12658227848101267 0.13924050632911392 0.1518987341772152 0.16455696202531644 0.17721518987341772 0.189873417721519 0.20253164556962025 0.21518987341772153 0.22784810126582278 0.24050632911392406 0.25316455696202533 0.26582278481012656 0.27848101265822783 0.2911392405063291 0.3037974683544304 0.31645569620253167 0.3291139240506329 0.34177215189873417 0.35443037974683544 0.3670886075949367 0.379746835443038 0.3924050632911392 0.4050632911392405 0.4177215189873418 0.43037974683544306 0.4430379746835443 0.45569620253164556 0.46835443037974683 0.4810126582278481 0.4936708860759494 0.5063291139240507 0.5189873417721519 0.5316455696202531 0.5443037974683544 0.5569620253164557 0.569620253164557 0.5822784810126582 0.5949367088607594 0.6075949367088608 0.620253164556962 0.6329113924050633 0.6455696202531646 0.6582278481012658 0.6708860759493671 0.6835443037974683 0.6962025316455697 0.7088607594936709 0.7215189873417721 0.7341772151898734 0.7468354430379747 0.759493670886076 0.7721518987341772 0.7848101265822784 0.7974683544303798 0.810126582278481 0.8227848101265823 0.8354430379746836 0.8481012658227848 0.8607594936708861 0.8734177215189873 0.8860759493670886 0.8987341772151899 0.9113924050632911 0.9240506329113924 0.9367088607594937 0.9493670886075949 0.9620253164556962 0.9746835443037974 0.9873417721518988 1.0

