x := [351.1440957886044, 355.28117258464073, 357.3497109826589, 344.9384805945499, 372.8637489677952, 419.4058629232039, 404.92609413707675, 353.21263418662255], y := [346.5174236168456, 415.8134599504542, 492.3493806771264, 400.29942196531795, 344.4488852188274, 347.5516928158546, 401.3336911643271, 428.22469033856316], t := [0.0, 0.14285714285714285, 0.2857142857142857, 0.42857142857142855, 0.5714285714285714, 0.7142857142857143, 0.8571428571428571, 1.0], u := [0.0, 0.14285714285714285, 0.2857142857142857, 0.3819157720891826, 0.42857142857142855, 0.45871180842279113, 0.4917423616845583, 0.5297274979355905, 0.5714285714285714, 0.6090008257638316, 0.6412056151940545, 0.6767134599504542, 0.7142857142857143, 0.7535094962840627, 0.7881915772089183, 0.8195706028075971, 0.8571428571428571, 0.8897605284888521, 0.9260941370767961, 1.0]

x := [471.11932287365806, 468.01651527663086, 470.08505367464903, 484.56482246077616, 492.83897605284886, 518.6957060280758, 550.7580511973574, 563.1692815854665, 554.8951279933938, 553.8608587943847], y := [352.7230388109001, 416.84772914946325, 465.4583815028901, 447.8758051197358, 406.50503715937236, 445.8072667217175, 462.3555739058629, 415.8134599504541, 363.0657308009909, 373.40842279108176], t := [0.0, 0.1111111111111111, 0.2222222222222222, 0.3333333333333333, 0.4444444444444444, 0.5555555555555556, 0.6666666666666666, 0.7777777777777778, 0.8888888888888888, 1.0], u := [0.0, 0.1111111111111111, 0.16061106523534274, 0.18703550784475648, 0.2222222222222222, 0.27704376548307186, 0.3333333333333333, 0.40834021469859627, 0.4444444444444444, 0.485962014863749, 0.5239471511147812, 0.5555555555555556, 0.5908340214698596, 0.6345995045417011, 0.6666666666666666, 0.6981833195706029, 0.735342691990091, 0.7777777777777778, 0.8253509496284064, 0.8888888888888888, 0.9475639966969447, 1.0]

x := [611.7799339388935, 611.7799339388935, 591.0945499587117, 593.16308835673, 632.465317919075, 663.4933938893478, 652.1164327002475, 634.5338563170933, 633.4995871180843], y := [379.6140379851363, 359.96292320396367, 394.0938067712634, 440.6359207266721, 459.2527663088356, 423.0533443435178, 363.065730800991, 358.9286540049545, 373.40842279108176], t := [0.0, 0.125, 0.25, 0.375, 0.5, 0.625, 0.75, 0.875, 1.0], u := [0.0, 0.059042113955408815, 0.0912469033856318, 0.125, 0.1391412056151941, 0.1548307184145335, 0.18951279933938903, 0.25, 0.28199834847233696, 0.31502890173410414, 0.3414533443435178, 0.375, 0.40668868703550787, 0.43311312964492166, 0.46449215524360044, 0.5, 0.5255986787778696, 0.5561519405450042, 0.5867052023121387, 0.625, 0.6552436003303056, 0.684971098265896, 0.7146985962014865, 0.75, 0.7725020644095788, 0.8080099091659785, 0.8410404624277457, 0.875, 0.9335260115606936, 0.9640792733278283, 1.0]

x := [748.3034682080925, 752.4405450041288, 756.5776218001652], y := [384.7853839801817, 408.57357555739054, 429.2589595375722], t := [0.0, 0.5, 1.0], u := [0.0, 0.5, 1.0]

x := [731.7551610239473, 760.7146985962015, 782.4343517753923], y := [416.84772914946313, 412.7106523534269, 408.57357555739065], t := [0.0, 0.5, 1.0], u := [0.0, 0.5, 1.0]

x := [850.6961189099918, 849.6618497109828, 850.6961189099918, 831.0450041288193, 882.7584640792734], y := [374.4426919900908, 400.29942196531783, 420.9848059454995, 397.19661436829074, 397.19661436829074], t := [0.0, 0.25, 0.5, 0.75, 1.0], u := [0.0, 0.0862923203963667, 0.18786127167630062, 0.25, 0.31668042939719243, 0.397605284888522, 0.5, 0.5578034682080926, 0.6189099917423617, 0.6882741535920727, 0.75, 0.7981007431874485, 0.8567299752270852, 0.9244426094137077, 1.0]

x := [1051.344343517754, 1058.5842279108176, 1056.5156895127993, 1054.4471511147813, 1054.4471511147813, 1046.1729975227086], y := [342.3803468208092, 329.96911643270016, 369.2713459950454, 416.84772914946325, 396.1623451692815, 378.57976878612715], t := [0.0, 0.2, 0.4, 0.6, 0.8, 1.0], u := [0.0, 0.03839801816680438, 0.09042113955408759, 0.2, 0.28530140379851365, 0.4, 0.4958711808422791, 0.6, 0.689099917423617, 0.8, 0.8451692815854666, 0.8930635838150289, 0.9327002477291495, 1.0]

x := [1038.9331131296449, 1054.4471511147813, 1072.0297274979355], y := [384.7853839801817, 385.8196531791908, 386.85392237819985], t := [0.0, 0.5, 1.0], u := [0.0, 0.5, 1.0]

x := [1098.9207266721717, 1093.7493806771263, 1078.23534269199, 1091.6808422791082, 1124.7774566473988, 1121.6746490503713, 1106.1606110652353], y := [388.92246077621803, 380.6483071841453, 396.1623451692815, 413.74492155243604, 405.4707679603632, 373.4084227910819, 377.5454995871181], t := [0.0, 0.16666666666666666, 0.3333333333333333, 0.5, 0.6666666666666666, 0.8333333333333334, 1.0], u := [0.0, 0.031791907514450934, 0.07142857142857151, 0.12097440132122222, 0.16666666666666666, 0.20107349298100752, 0.2539223781998349, 0.29521056977704385, 0.3333333333333333, 0.3835672997522709, 0.44054500412881925, 0.4710982658959538, 0.5, 0.5545004128819159, 0.606523534269199, 0.6379025598678778, 0.6666666666666666, 0.7089182493806772, 0.7402972749793559, 0.7675474814203138, 0.8333333333333334, 0.8897605284888521, 0.9409578860445913, 0.9731626754748142, 1.0]

x := [1187.867877786953, 1199.244838976053, 1203.381915772089, 1219.9302229562347, 1228.2043765483074, 1236.47853014038], y := [381.68257638315436, 378.57976878612715, 400.29942196531783, 374.4426919900908, 388.92246077621814, 404.4364987613542], t := [0.0, 0.2, 0.4, 0.6, 0.8, 1.0], u := [0.0, 0.08876961189099924, 0.10858794384805953, 0.1589595375722544, 0.17877786952931468, 0.2, 0.29355904211395545, 0.342279108175062, 0.4, 0.4933938893476466, 0.5313790255986788, 0.6, 0.652766308835673, 0.6734104046242775, 0.7163501238645749, 0.7444260941370768, 0.8, 0.8311312964492155, 0.8765483071841453, 0.893889347646573, 0.9434351775392238, 1.0]

