x := [351.1440957886044, 355.28117258464073, 357.3497109826589, 344.9384805945499, 372.8637489677952, 419.4058629232039, 404.92609413707675, 353.21263418662255], y := [346.5174236168456, 415.8134599504542, 492.3493806771264, 400.29942196531795, 344.4488852188274, 347.5516928158546, 401.3336911643271, 428.22469033856316], t := [0.0, 0.14285714285714285, 0.2857142857142857, 0.42857142857142855, 0.5714285714285714, 0.7142857142857143, 0.8571428571428571, 1.0], u := [0.0, 0.14285714285714285, 0.2857142857142857, 0.3819157720891826, 0.42857142857142855, 0.45871180842279113, 0.4917423616845583, 0.5297274979355905, 0.5714285714285714, 0.6090008257638316, 0.6412056151940545, 0.6767134599504542, 0.7142857142857143, 0.7535094962840627, 0.7881915772089183, 0.8195706028075971, 0.8571428571428571, 0.8897605284888521, 0.9260941370767961, 1.0]

x := [471.11932287365806, 468.01651527663086, 470.08505367464903, 484.56482246077616, 492.83897605284886, 518.6957060280758, 550.7580511973574, 563.1692815854665, 554.8951279933938, 553.8608587943847], y := [352.7230388109001, 416.84772914946325, 465.4583815028901, 447.8758051197358, 406.50503715937236, 445.8072667217175, 462.3555739058629, 415.8134599504541, 363.0657308009909, 373.40842279108176], t := [0.0, 0.1111111111111111, 0.2222222222222222, 0.3333333333333333, 0.4444444444444444, 0.5555555555555556, 0.6666666666666666, 0.7777777777777778, 0.8888888888888888, 1.0], u := [0.0, 0.1111111111111111, 0.16061106523534274, 0.18703550784475648, 0.2222222222222222, 0.27704376548307186, 0.3333333333333333, 0.40834021469859627, 0.4444444444444444, 0.485962014863749, 0.5239471511147812, 0.5555555555555556, 0.5908340214698596, 0.6345995045417011, 0.6666666666666666, 0.6981833195706029, 0.735342691990091, 0.7777777777777778, 0.8253509496284064, 0.8888888888888888, 0.9475639966969447, 1.0]

x := [611.7799339388935, 611.7799339388935, 591.0945499587117, 593.16308835673, 632.465317919075, 663.4933938893478, 652.1164327002475, 634.5338563170933, 633.4995871180843], y := [379.6140379851363, 359.96292320396367, 394.0938067712634, 440.6359207266721, 459.2527663088356, 423.0533443435178, 363.065730800991, 358.9286540049545, 373.40842279108176], t := [0.0, 0.125, 0.25, 0.375, 0.5, 0.625, 0.75, 0.875, 1.0], u := [0.0, 0.059042113955408815, 0.0912469033856318, 0.125, 0.1391412056151941, 0.1548307184145335, 0.18951279933938903, 0.25, 0.28199834847233696, 0.31502890173410414, 0.3414533443435178, 0.375, 0.40668868703550787, 0.43311312964492166, 0.46449215524360044, 0.5, 0.5255986787778696, 0.5561519405450042, 0.5867052023121387, 0.625, 0.6552436003303056, 0.684971098265896, 0.7146985962014865, 0.75, 0.7725020644095788, 0.8080099091659785, 0.8410404624277457, 0.875, 0.9335260115606936, 0.9640792733278283, 1.0]

x := [748.3034682080925, 752.4405450041288, 756.5776218001652], y := [384.7853839801817, 408.57357555739054, 429.2589595375722], t := [0.0, 0.5, 1.0], u := [0.0, 0.5, 1.0]

x := [731.7551610239473, 760.7146985962015, 782.4343517753923], y := [416.84772914946313, 412.7106523534269, 408.57357555739065], t := [0.0, 0.5, 1.0], u := [0.0, 0.5, 1.0]

x := [850.6961189099918, 849.6618497109828, 850.6961189099918, 831.0450041288193, 882.7584640792734], y := [374.4426919900908, 400.29942196531783, 420.9848059454995, 397.19661436829074, 397.19661436829074], t := [0.0, 0.25, 0.5, 0.75, 1.0], u := [0.0, 0.0862923203963667, 0.18786127167630062, 0.25, 0.31668042939719243, 0.397605284888522, 0.5, 0.5578034682080926, 0.6189099917423617, 0.6882741535920727, 0.75, 0.7981007431874485, 0.8567299752270852, 0.9244426094137077, 1.0]

x := [1051.344343517754, 1058.5842279108176, 1056.5156895127993, 1054.4471511147813, 1054.4471511147813, 1046.1729975227086], y := [342.3803468208092, 329.96911643270016, 369.2713459950454, 416.84772914946325, 396.1623451692815, 378.57976878612715], t := [0.0, 0.2, 0.4, 0.6, 0.8, 1.0], u := [0.0, 0.03839801816680438, 0.09042113955408759, 0.2, 0.28530140379851365, 0.4, 0.4958711808422791, 0.6, 0.689099917423617, 0.8, 0.8451692815854666, 0.8930635838150289, 0.9327002477291495, 1.0]

x := [1038.9331131296449, 1054.4471511147813, 1072.0297274979355], y := [384.7853839801817, 385.8196531791908, 386.85392237819985], t := [0.0, 0.5, 1.0], u := [0.0, 0.5, 1.0]

x := [1098.9207266721717, 1093.7493806771263, 1078.23534269199, 1091.6808422791082, 1124.7774566473988, 1121.6746490503713, 1106.1606110652353], y := [388.92246077621803, 380.6483071841453, 396.1623451692815, 413.74492155243604, 405.4707679603632, 373.4084227910819, 377.5454995871181], t := [0.0, 0.16666666666666666, 0.3333333333333333, 0.5, 0.6666666666666666, 0.8333333333333334, 1.0], u := [0.0, 0.031791907514450934, 0.07142857142857151, 0.12097440132122222, 0.16666666666666666, 0.20107349298100752, 0.2539223781998349, 0.29521056977704385, 0.3333333333333333, 0.3835672997522709, 0.44054500412881925, 0.4710982658959538, 0.5, 0.5545004128819159, 0.606523534269199, 0.6379025598678778, 0.6666666666666666, 0.7089182493806772, 0.7402972749793559, 0.7675474814203138, 0.8333333333333334, 0.8897605284888521, 0.9409578860445913, 0.9731626754748142, 1.0]

x := [1187.867877786953, 1199.244838976053, 1203.381915772089, 1219.9302229562347, 1228.2043765483074, 1236.47853014038], y := [381.68257638315436, 378.57976878612715, 400.29942196531783, 374.4426919900908, 388.92246077621814, 404.4364987613542], t := [0.0, 0.2, 0.4, 0.6, 0.8, 1.0], u := [0.0, 0.08876961189099924, 0.10858794384805953, 0.1589595375722544, 0.17877786952931468, 0.2, 0.29355904211395545, 0.342279108175062, 0.4, 0.4933938893476466, 0.5313790255986788, 0.6, 0.652766308835673, 0.6734104046242775, 0.7163501238645749, 0.7444260941370768, 0.8, 0.8311312964492155, 0.8765483071841453, 0.893889347646573, 0.9434351775392238, 1.0]

x := [1251.992568125516, 1255.0953757225434, 1243.7184145334434, 1253.026837324525, 1266.4723369116432, 1267.5066061106525, 1273.7122213047069, 1295.4318744838977, 1303.7060280759704, 1296.4661436829067, 1291.2947976878613], y := [387.8881915772089, 371.3398843930636, 389.95672997522706, 400.29942196531795, 394.0938067712634, 377.5454995871181, 393.0595375722544, 392.02526837324524, 375.47696118909994, 428.22469033856316, 471.66399669694465], t := [0.0, 0.1, 0.2, 0.3, 0.4, 0.5, 0.6, 0.7, 0.8, 0.9, 1.0], u := [0.0, 0.04004954582989273, 0.06482246077621806, 0.1, 0.12840627580511982, 0.1630883567299753, 0.2, 0.2283236994219654, 0.2588769611891, 0.3, 0.3348472336911644, 0.3678777869529315, 0.4, 0.42072667217175896, 0.44384805945499595, 0.4777043765483072, 0.5, 0.5247729149463254, 0.55532617671346, 0.6, 0.615606936416185, 0.6395540875309662, 0.6701073492981008, 0.7, 0.7386457473162675, 0.7708505367464906, 0.8, 0.8501238645747318, 0.9, 0.9426094137076797, 0.9673823286540051, 1.0]

x := [1307.8431048720065, 1311.9801816680429, 1320.2543352601156], y := [354.7915772089183, 354.7915772089183, 360.9971924029727], t := [0.0, 0.5, 1.0], u := [0.0, 0.2539223781998349, 0.5, 0.7518579686209745, 1.0]

x := [1338.871180842279, 1327.4942196531792, 1338.871180842279, 1361.6251032204789, 1369.8992568125516, 1360.5908340214698, 1357.4880264244425, 1367.8307184145335, 1380.2419488026424], y := [347.5516928158546, 385.8196531791907, 411.67638315441786, 404.4364987613542, 381.68257638315436, 376.51123038810897, 392.02526837324524, 412.7106523534269, 418.9162675474814], t := [0.0, 0.125, 0.25, 0.375, 0.5, 0.625, 0.75, 0.875, 1.0], u := [0.0, 0.05491329479768792, 0.125, 0.16556564822460784, 0.18951279933938903, 0.2142857142857143, 0.25, 0.29355904211395545, 0.31420313790255994, 0.3398018166804294, 0.375, 0.40668868703550787, 0.43724194880264244, 0.46284062758051203, 0.5, 0.550371593724195, 0.5767960363336087, 0.625, 0.6684558216350124, 0.7163501238645749, 0.75, 0.7931461601981833, 0.8377374071015691, 0.875, 0.9203137902559868, 0.958298926507019, 1.0]

x := [1404.0301403798514, 1399.893063583815, 1398.858794384806, 1388.516102394715, 1390.5846407927334, 1404.0301403798514, 1418.5099091659786, 1427.81833195706, 1428.8526011560693, 1418.5099091659783], y := [382.7168455821635, 416.84772914946325, 450.978612716763, 454.0814203137902, 429.2589595375723, 400.29942196531783, 376.51123038810897, 379.6140379851362, 399.2651527663088, 409.6078447563997], t := [0.0, 0.1111111111111111, 0.2222222222222222, 0.3333333333333333, 0.4444444444444444, 0.5555555555555556, 0.6666666666666666, 0.7777777777777778, 0.8888888888888888, 1.0], u := [0.0, 0.06069364161849716, 0.1111111111111111, 0.18125516102394723, 0.2222222222222222, 0.27043765483071847, 0.30759702725020655, 0.3333333333333333, 0.3769611890999175, 0.40834021469859627, 0.4444444444444444, 0.4983484723369117, 0.5555555555555556, 0.5941370767960363, 0.6362510322047895, 0.6666666666666666, 0.7072667217175888, 0.7493806771263418, 0.7777777777777778, 0.8195706028075971, 0.8575557390586293, 0.8888888888888888, 0.9252683732452518, 0.9855491329479769, 1.0]

x := [1441.2638315441784, 1448.503715937242, 1449.537985136251, 1470.2233691164327, 1497.1143682906688, 1480.5660611065236, 1489.8744838976052, 1509.525598678778, 1518.8340214698599, 1521.9368290668872, 1541.5879438480595, 1549.8620974401322, 1547.793559042114], y := [374.4426919900908, 402.3679603633361, 372.3741535920726, 372.3741535920726, 380.6483071841452, 396.1623451692816, 410.6421139554087, 393.05953757225427, 371.33988439306347, 386.85392237819997, 376.5112303881091, 382.7168455821635, 517.1718414533443], t := [0.0, 0.08333333333333333, 0.16666666666666666, 0.25, 0.3333333333333333, 0.4166666666666667, 0.5, 0.5833333333333334, 0.6666666666666666, 0.75, 0.8333333333333334, 0.9166666666666666, 1.0], u := [0.0, 0.036746490503716034, 0.08333333333333333, 0.11271676300578043, 0.14574731626754756, 0.16666666666666666, 0.19529314616019822, 0.2324525185796863, 0.25, 0.29521056977704385, 0.3333333333333333, 0.3596201486374897, 0.3909991742361685, 0.4166666666666667, 0.44715111478117264, 0.4810074318744839, 0.5, 0.5074318744838977, 0.532204789430223, 0.5602807597027251, 0.5833333333333334, 0.6081750619322874, 0.6494632535094963, 0.6666666666666666, 0.6882741535920727, 0.736168455821635, 0.75, 0.777456647398844, 0.8129644921552437, 0.8327828241123039, 0.8333333333333334, 0.8633360858794386, 0.8790255986787778, 0.893889347646573, 0.9166666666666666, 0.9591246903385633, 0.981420313790256, 1.0]

x := [351.1440957886044, 350.10982658959534, 352.17836498761346], y := [603.0161849710983, 612.32460776218, 620.5987613542527], t := [0.0, 0.5, 1.0], u := [0.0, 0.5, 1.0]

x := [332.5272502064409, 338.73286540049537, 337.69859620148634, 338.7328654004954], y := [646.4554913294797, 679.5521056977706, 724.025681255161, 758.1565648224608], t := [0.0, 0.3333333333333333, 0.6666666666666666, 1.0], u := [0.0, 0.0871180842279109, 0.14492155243600335, 0.2118084227910818, 0.3333333333333333, 0.41659785301403807, 0.4966969446738233, 0.6666666666666666, 0.7799339388934765, 0.9095788604459125, 1.0]

x := [364.58959537572247, 377.0008257638315, 388.3777869529314, 374.93228736581335, 368.7266721717588, 390.44632535094956, 385.2749793559042, 395.617671345995], y := [668.1751445086705, 672.3122213047069, 660.935260115607, 650.5925681255161, 676.4492981007432, 686.791990090834, 697.1346820809249, 704.3745664739885], t := [0.0, 0.14285714285714285, 0.2857142857142857, 0.42857142857142855, 0.5714285714285714, 0.7142857142857143, 0.8571428571428571, 1.0], u := [0.0, 0.02683732452518589, 0.04995871180842287, 0.09950454170107353, 0.14285714285714285, 0.17712634186622633, 0.2076796036333609, 0.24566473988439308, 0.2857142857142857, 0.3315441783649876, 0.3827415359207267, 0.42857142857142855, 0.45127993393889354, 0.4727497935590421, 0.4975227085053675, 0.5462427745664741, 0.5714285714285714, 0.592485549132948, 0.6180842279108175, 0.6668042939719241, 0.7142857142857143, 0.7609413707679604, 0.8030553261767135, 0.8571428571428571, 0.9029727497935591, 0.9541701073492981, 1.0]

x := [403.89182493806766, 427.6800165152766, 434.9199009083402, 429.74855491329475, 453.5367464905037, 457.67382328653997, 461.81090008257644, 482.496284062758, 487.66763005780336, 481.46201486374895, 483.530553261767], y := [649.5582989265071, 657.8324525185797, 667.1408753096615, 690.9290668868704, 675.4150289017341, 657.8324525185797, 672.3122213047068, 663.0037985136252, 656.7981833195707, 683.6891824938068, 738.5054500412882], t := [0.0, 0.1, 0.2, 0.3, 0.4, 0.5, 0.6, 0.7, 0.8, 0.9, 1.0], u := [0.0, 0.014450867052023197, 0.03757225433526018, 0.059042113955408815, 0.0747316267547482, 0.1, 0.12923203963666396, 0.1507018992568126, 0.17464905037159378, 0.2, 0.2258464079273328, 0.2390586292320397, 0.2530966143682908, 0.28117258464079276, 0.3, 0.32741535920726683, 0.3513625103220479, 0.3786127167630058, 0.4, 0.42981007431874485, 0.46201486374896783, 0.5, 0.5313790255986788, 0.5685383980181669, 0.5850536746490504, 0.6, 0.6205615194054501, 0.6412056151940545, 0.6767134599504542, 0.6973575557390588, 0.7, 0.7262592898431048, 0.7576383154417836, 0.7898431048720067, 0.8, 0.8245251857968621, 0.8608587943848061, 0.8773740710156896, 0.9, 0.9376548307184145, 0.9599504541701074, 0.9739884393063585, 1.0]

x := [502.1473988439306, 503.18166804293963, 511.45582163501234, 525.9355904211395, 524.9013212221305, 542.4838976052849], y := [614.3931461601982, 655.7639141205616, 678.5178364987614, 639.2156069364162, 656.7981833195706, 672.3122213047069], t := [0.0, 0.2, 0.4, 0.6, 0.8, 1.0], u := [0.0, 0.04995871180842287, 0.09289843104872014, 0.13170933113129651, 0.2, 0.2563996696944675, 0.30181668042939724, 0.3364987613542527, 0.4, 0.45788604459124693, 0.4909165978530141, 0.5437654830718415, 0.6, 0.6420313790255987, 0.6808422791081751, 0.736168455821635, 0.8, 0.8542526837324524, 0.8996696944673823, 0.935177539223782, 1.0]

x := [690.3843930635837, 693.487200660611, 701.7613542526838, 702.7956234516928, 693.487200660611, 715.2068538398019, 735.8922378199836, 734.8579686209744, 742.097853014038, 761.7489677952105, 760.7146985962013, 767.954582989265, 777.2630057803469], y := [650.5925681255161, 639.2156069364162, 669.2094137076796, 732.2998348472336, 706.4431048720066, 645.4212221304707, 650.5925681255161, 676.4492981007432, 658.8667217175888, 643.3526837324525, 673.3464905037159, 654.7296449215524, 645.4212221304707], t := [0.0, 0.08333333333333333, 0.16666666666666666, 0.25, 0.3333333333333333, 0.4166666666666667, 0.5, 0.5833333333333334, 0.6666666666666666, 0.75, 0.8333333333333334, 0.9166666666666666, 1.0], u := [0.0, 0.027663088356730037, 0.048307184145334525, 0.08333333333333333, 0.11849710982658967, 0.13831544178364996, 0.16666666666666666, 0.20602807597027262, 0.2324525185796863, 0.25, 0.27456647398843936, 0.30264244426094145, 0.32163501238645753, 0.3333333333333333, 0.3662262592898432, 0.3943022295623452, 0.40999174236168456, 0.4166666666666667, 0.44137076796036334, 0.4661436829066887, 0.4867877786952932, 0.5, 0.5222956234516929, 0.5495458298926508, 0.5718414533443436, 0.5833333333333334, 0.6090008257638316, 0.6420313790255987, 0.6625378475089457, 0.6874483897605286, 0.717175887696119, 0.7411230388109, 0.75, 0.7766308835672997, 0.7989265070189926, 0.8333333333333334, 0.8608587943848061, 0.8823286540049546, 0.9166666666666666, 0.9426094137076797, 0.9624277456647399, 0.9781172584640794, 1.0]

x := [812.4281585466556, 805.1882741535919, 795.8798513625104, 801.0511973575558, 822.7708505367464, 823.8051197357556, 814.4966969446739, 807.2568125516102], y := [649.5582989265071, 639.2156069364163, 652.6611065235343, 670.2436829066887, 664.0380677126343, 644.3869529314617, 635.0785301403798, 643.3526837324526], t := [0.0, 0.14285714285714285, 0.2857142857142857, 0.42857142857142855, 0.5714285714285714, 0.7142857142857143, 0.8571428571428571, 1.0], u := [0.0, 0.02353426919900914, 0.0755573905862924, 0.11189099917423623, 0.14285714285714285, 0.18373245251857973, 0.2159372419488027, 0.2857142857142857, 0.32246077621800173, 0.3860445912469035, 0.42857142857142855, 0.46201486374896783, 0.5066061106523535, 0.5396366639141206, 0.5714285714285714, 0.6098265895953757, 0.6420313790255987, 0.6684558216350124, 0.7142857142857143, 0.7576383154417836, 0.7865400495458299, 0.8245251857968621, 0.8571428571428571, 0.9112303881090009, 0.9360033030553263, 0.9599504541701074, 1.0]

x := [849.6618497109828, 844.4905037159372, 835.1820809248557, 857.936003303055, 870.3472336911643, 865.1758876961189, 872.4157720891826, 884.8270024772917, 909.6494632535096, 909.6494632535096, 927.232039636664, 936.5404624277458], y := [639.2156069364162, 634.0442609413708, 656.7981833195706, 660.935260115607, 634.0442609413708, 681.6206440957886, 725.0599504541702, 687.8262592898432, 637.147068538398, 668.1751445086705, 638.1813377374071, 636.112799339389], t := [0.0, 0.09090909090909091, 0.18181818181818182, 0.2727272727272727, 0.36363636363636365, 0.45454545454545453, 0.5454545454545454, 0.6363636363636364, 0.7272727272727273, 0.8181818181818182, 0.9090909090909091, 1.0], u := [0.0, 0.04004954582989273, 0.06399669694467391, 0.09090909090909091, 0.12097440132122222, 0.15813377374071025, 0.18181818181818182, 0.2184145334434352, 0.24814203137902568, 0.2727272727272727, 0.30181668042939724, 0.3406275805119736, 0.36363636363636365, 0.3943022295623452, 0.42485549132947986, 0.45454545454545453, 0.4793559042113956, 0.5016515276630884, 0.5330305532617672, 0.5454545454545454, 0.573492981007432, 0.6189099917423617, 0.6363636363636364, 0.6651527663088357, 0.6915772089182495, 0.7163501238645749, 0.7272727272727273, 0.7502064409578861, 0.7848885218827415, 0.8181818181818182, 0.8426919900908341, 0.869942196531792, 0.9090909090909091, 0.9401321222130472, 0.9673823286540051, 0.9838976052848885, 1.0]

x := [954.1230388109002, 946.8831544178365, 931.3691164327004, 936.5404624277458, 955.1573080099092, 962.3971924029727, 965.5, 978.9454995871181], y := [636.112799339389, 633.0099917423618, 646.4554913294797, 663.0037985136252, 657.8324525185798, 633.0099917423616, 655.7639141205616, 670.2436829066887], t := [0.0, 0.14285714285714285, 0.2857142857142857, 0.42857142857142855, 0.5714285714285714, 0.7142857142857143, 0.8571428571428571, 1.0], u := [0.0, 0.040875309661436876, 0.06399669694467391, 0.08876961189099924, 0.14285714285714285, 0.18373245251857973, 0.226672171758877, 0.2588769611891, 0.2857142857142857, 0.3298926507018993, 0.3629232039636664, 0.3868703550784476, 0.42857142857142855, 0.4710982658959538, 0.5140379851362511, 0.541288191577209, 0.5714285714285714, 0.6222130470685384, 0.6577208918249381, 0.7142857142857143, 0.7609413707679604, 0.8203963666391412, 0.8571428571428571, 0.8963666391412057, 0.9360033030553263, 0.9657308009909167, 1.0]

x := [997.5623451692816, 1000.6651527663089, 1011.0078447563997, 1024.4533443435178, 1037.8988439306358, 1041.0016515276632, 1054.4471511147813], y := [637.147068538398, 658.8667217175888, 643.3526837324526, 648.524029727498, 643.3526837324525, 652.6611065235343, 659.9009909165978], t := [0.0, 0.16666666666666666, 0.3333333333333333, 0.5, 0.6666666666666666, 0.8333333333333334, 1.0], u := [0.0, 0.045004128819157774, 0.10280759702725029, 0.12675474814203147, 0.16666666666666666, 0.226672171758877, 0.27208918249380687, 0.3333333333333333, 0.388521882741536, 0.44549958711808424, 0.5, 0.5561519405450042, 0.606523534269199, 0.6666666666666666, 0.7402972749793559, 0.7799339388934765, 0.8333333333333334, 0.8947151114781173, 0.9327002477291495, 0.9599504541701074, 1.0]

x := [1069.9611890999174, 1064.789843104872, 1058.5842279108174, 1083.4066886870355, 1096.8521882741536, 1086.5094962840628, 1078.2353426919901, 1083.4066886870355], y := [650.5925681255161, 643.3526837324526, 661.969529314616, 665.0723369116433, 648.5240297274979, 635.0785301403799, 644.3869529314617, 653.6953757225434], t := [0.0, 0.14285714285714285, 0.2857142857142857, 0.42857142857142855, 0.5714285714285714, 0.7142857142857143, 0.8571428571428571, 1.0], u := [0.0, 0.048307184145334525, 0.09372419488026429, 0.14285714285714285, 0.19033856317093323, 0.24731626754748148, 0.2857142857142857, 0.32576383154417843, 0.3546655656482247, 0.40255986787778697, 0.42857142857142855, 0.4760528488852189, 0.5148637489677953, 0.5714285714285714, 0.6139554087530966, 0.6412056151940545, 0.6816680429397193, 0.7142857142857143, 0.754335260115607, 0.7832369942196533, 0.818744838976053, 0.8571428571428571, 0.9046242774566475, 0.9475639966969447, 0.9673823286540051, 1.0]

x := [1102.023534269199, 1114.434764657308, 1110.2976878612717, 1112.3662262592895, 1128.9145334434352, 1151.668455821635, 1158.9083402146985, 1153.736994219653], y := [646.4554913294797, 634.0442609413708, 650.5925681255161, 656.7981833195706, 644.3869529314617, 658.8667217175888, 645.4212221304707, 635.0785301403798], t := [0.0, 0.14285714285714285, 0.2857142857142857, 0.42857142857142855, 0.5714285714285714, 0.7142857142857143, 0.8571428571428571, 1.0], u := [0.0, 0.04417836498761363, 0.0912469033856318, 0.14285714285714285, 0.19611890999174242, 0.2299752270850537, 0.2547481420313791, 0.2857142857142857, 0.3406275805119736, 0.4017341040462429, 0.42857142857142855, 0.4810074318744839, 0.5132122213047069, 0.5363336085879439, 0.5714285714285714, 0.6123038810900083, 0.6494632535094963, 0.6758876961189101, 0.7142857142857143, 0.7535094962840627, 0.782411230388109, 0.8261767134599505, 0.8571428571428571, 0.8971924029727498, 0.9277456647398845, 0.9607762180016515, 1.0]

x := [1188.902146985962, 1180.6279933938893, 1168.2167630057804, 1184.7650701899256, 1201.313377374071, 1201.313377374071, 1214.7588769611891, 1228.2043765483072, 1234.4099917423616, 1236.47853014038, 1247.85549132948, 1261.3009909165978, 1259.2324525185797, 1264.4037985136251], y := [640.2498761354253, 636.112799339389, 648.524029727498, 655.7639141205616, 633.0099917423616, 648.5240297274979, 653.6953757225434, 641.2841453344344, 630.9414533443436, 648.5240297274979, 646.4554913294797, 633.0099917423618, 648.5240297274979, 659.9009909165978], t := [0.0, 0.07692307692307693, 0.15384615384615385, 0.23076923076923078, 0.3076923076923077, 0.38461538461538464, 0.46153846153846156, 0.5384615384615384, 0.6153846153846154, 0.6923076923076923, 0.7692307692307693, 0.8461538461538461, 0.9230769230769231, 1.0], u := [0.0, 0.02353426919900914, 0.036746490503716034, 0.05986787778695302, 0.07692307692307693, 0.10033030553261774, 0.12592898431048727, 0.15384615384615385, 0.17712634186622633, 0.19364161849710992, 0.2085053674649051, 0.2175887696118911, 0.23076923076923078, 0.24979355904211398, 0.26713459950454177, 0.29025598678777875, 0.3076923076923077, 0.3340214698596202, 0.3612716763005781, 0.38461538461538464, 0.41577208918249386, 0.43641618497109835, 0.46153846153846156, 0.4884393063583815, 0.5156895127993394, 0.5384615384615384, 0.5677126341866227, 0.5809248554913296, 0.6153846153846154, 0.647811725846408, 0.6626754748142032, 0.6923076923076923, 0.7014863748967795, 0.7204789430222958, 0.7369942196531791, 0.7535094962840627, 0.7692307692307693, 0.7931461601981833, 0.8129644921552437, 0.8461538461538461, 0.8724194880264244, 0.893889347646573, 0.9230769230769231, 0.9508670520231215, 0.9640792733278283, 0.9772914946325351, 1.0]

x := [1284.0549132947976, 1276.815028901734, 1277.8492981007432, 1286.123451692816], y := [630.9414533443436, 646.4554913294797, 658.8667217175887, 655.7639141205616], t := [0.0, 0.3333333333333333, 0.6666666666666666, 1.0], u := [0.0, 0.09867877786952939, 0.2068538398018167, 0.3333333333333333, 0.43641618497109835, 0.5396366639141206, 0.6666666666666666, 0.7345169281585466, 0.8245251857968621, 0.9112303881090009, 1.0]

x := [1299.568951279934, 1300.603220478943, 1296.4661436829067], y := [617.4959537572255, 625.7701073492981, 635.0785301403798], t := [0.0, 0.5, 1.0], u := [0.0, 0.16969446738232874, 0.30594549958711814, 0.46036333608587954, 0.5, 0.6767134599504542, 0.7972749793559042, 1.0]

x := [1320.2543352601156, 1307.8431048720067, 1300.603220478943, 1320.2543352601156, 1331.6312964492156, 1334.734104046243, 1345.0767960363337], y := [634.0442609413707, 633.0099917423618, 650.5925681255161, 653.6953757225434, 636.1127993393889, 651.6268373245252, 661.9695293146161], t := [0.0, 0.16666666666666666, 0.3333333333333333, 0.5, 0.6666666666666666, 0.8333333333333334, 1.0], u := [0.0, 0.02601156069364169, 0.06564822460776226, 0.12427745664739887, 0.16666666666666666, 0.19942196531791911, 0.2291494632535096, 0.26630883567299757, 0.29768786127167635, 0.3333333333333333, 0.3786127167630058, 0.43228736581337746, 0.5, 0.550371593724195, 0.6048720066061107, 0.6666666666666666, 0.7559867877786954, 0.8333333333333334, 0.8947151114781173, 0.9260941370767961, 1.0]

x := [1454.7093311312965, 1456.7778695293146, 1458.8464079273328], y := [611.290338563171, 616.4616845582163, 610.2560693641618], t := [0.0, 0.5, 1.0], u := [0.0, 0.5, 1.0]

x := [1458.8464079273328, 1465.0520231213873, 1459.8806771263419], y := [639.2156069364162, 638.1813377374071, 636.112799339389], t := [0.0, 0.5, 1.0], u := [0.0, 0.5, 1.0]

x := [1474.360445912469, 1482.6345995045417, 1488.8402146985961], y := [624.735838150289, 620.5987613542527, 623.7015689512799], t := [0.0, 0.5, 1.0], u := [0.0, 0.2109826589595376, 0.5, 0.7089182493806772, 0.8369116432700248, 1.0]

x := [1506.4227910817506, 1514.6969446738233, 1513.6626754748143, 1503.3199834847235], y := [592.6734929810075, 622.6672997522709, 642.3184145334435, 657.8324525185797], t := [0.0, 0.3333333333333333, 0.6666666666666666, 1.0], u := [0.0, 0.16804293971924034, 0.3333333333333333, 0.41659785301403807, 0.45871180842279113, 0.5487200660611066, 0.6666666666666666, 0.7733278282411231, 0.8096614368290669, 0.8897605284888521, 1.0]

