1000000
999000
998001
998000
997002
996004
995006
994009
993012
992016
991020
990025
989030
988036
987042
986049
985056
984064
983072
982081
981090
980100
979110
978121
977132
976144
975156
974169
973182
972196
971210
970225
969240
968256
967272
966289
965306
964324
963342
962361
961380
960400
959420
958441
957462
956484
955506
954529
953552
952576
951600
950625
949650
948676
947702
946729
945756
944784
943812
942841
941870
940900
939930
938961
937992
937024
936056
935089
934122
933156
932190
931225
930260
929296
928332
927369
926406
925444
924482
923521
922560
921600
920640
919681
918722
917764
916806
915849
914892
913936
912980
912025
911070
910116
909162
908209
907256
906304
905352
904401
903450
902500
901550
900601
899652
898704
897756
896809
895862
894916
893970
893025
892080
891136
890192
889249
888306
887364
886422
885481
884540
883600
882660
881721
880782
879844
878906
877969
877032
876096
875160
874225
873290
872356
871422
870489
869556
868624
867692
866761
865830
864900
863970
863041
862112
861184
860256
859329
858402
857476
856550
855625
854700
853776
852852
851929
851006
850084
849162
848241
847320
846400
845480
844561
843642
842724
841806
840889
839972
839056
838140
837225
836310
835396
834482
833569
832656
831744
830832
829921
829010
828100
827190
826281
825372
824464
823556
822649
821742
820836
819930
819025
818120
817216
816312
815409
814506
813604
812702
811801
