1000000
999000
998001
998000
997002
997000
996004
996003
996000
995006
995004
995000
994009
994008
994005
994000
993012
993010
993006
993000
992016
992015
992012
992007
992000
991020
991018
991014
991008
991000
990025
990024
990021
990016
990009
990000
989030
989028
989024
989018
989010
989000
988036
988035
988032
988027
988020
988011
988000
987042
987040
987036
987030
987022
987012
987000
986049
986048
986045
986040
986033
986024
986013
986000
985056
985054
985050
985044
985036
985026
985014
985000
984064
984063
984060
984055
984048
984039
984028
984015
984000
983072
983070
983066
983060
983052
983042
983030
983016
983000
982081
982080
982077
982072
982065
982056
982045
982032
982017
982000
981090
981088
981084
981078
981070
981060
981048
981034
981018
981000
980100
980099
980096
980091
980084
980075
980064
980051
980036
980019
980000
979110
979108
979104
979098
979090
979080
979068
979054
979038
979020
979000
978121
978120
978117
978112
978105
978096
978085
978072
978057
978040
978021
978000
977132
977130
977126
977120
977112
977102
977090
977076
977060
977042
977022
977000
976144
976143
976140
976135
976128
976119
976108
976095
976080
976063
976044
976023
976000
975156
975154
975150
975144
975136
975126
975114
975100
975084
975066
975046
975024
975000
974169
974168
974165
974160
974153
974144
974133
974120
974105
974088
974069
974048
974025
974000
973182
973180
973176
973170
